time,seconds_elapsed,y,z,x
1761389331931883000,0.397883056640625,0.199521005153656,0.12564599514007568,0.24412600696086884
1761389331946270000,0.41227001953125,0.199521005153656,0.12564599514007568,0.24412600696086884
1761389331956279800,0.42227978515625,0.22002899646759033,0.12483499944210052,0.2608200013637543
1761389331966289700,0.43228955078125,0.22002899646759033,0.12483499944210052,0.2608200013637543
1761389331976268800,0.442268798828125,0.24745899438858032,0.11364900320768356,0.26553699374198914
1761389331986278700,0.452278564453125,0.24745899438858032,0.11364900320768356,0.26553699374198914
1761389331996288300,0.462288330078125,0.2902829945087433,0.1037679985165596,0.273250013589859
1761389332006267600,0.472267578125,0.2902829945087433,0.1037679985165596,0.273250013589859
1761389332016277500,0.482277587890625,0.34894201159477234,0.08829600363969803,0.26482900977134705
1761389332026287000,0.492287109375,0.34894201159477234,0.08829600363969803,0.26482900977134705
1761389332036266500,0.5022666015625,0.392877995967865,0.03245700150728226,0.17124299705028534
1761389332046276000,0.512276123046875,0.392877995967865,0.03245700150728226,0.17124299705028534
1761389332056286000,0.522285888671875,0.3718990087509155,-0.09128600358963013,-0.06182900071144104
1761389332066265000,0.53226513671875,0.3718990087509155,-0.09128600358963013,-0.06182900071144104
1761389332076275000,0.54227490234375,0.2654600143432617,-0.2683739960193634,-0.4089930057525635
1761389332086284800,0.552284912109375,0.2654600143432617,-0.2683739960193634,-0.4089930057525635
1761389332096264000,0.562263916015625,0.05194000154733658,-0.5066409707069397,-0.8914120197296143
1761389332106273800,0.572273681640625,0.05194000154733658,-0.5066409707069397,-0.8914120197296143
1761389332116283600,0.58228369140625,-0.26341599225997925,-0.8031719923019409,-1.5235689878463745
1761389332126293200,0.592293212890625,-0.26341599225997925,-0.8031719923019409,-1.5235689878463745
1761389332136272600,0.602272705078125,-0.5567240118980408,-1.0363049507141113,-2.079335927963257
1761389332146282200,0.6122822265625,-0.5567240118980408,-1.0363049507141113,-2.079335927963257
1761389332156292000,0.6222919921875,-0.7003909945487976,-1.0794490575790405,-2.266434907913208
1761389332166271200,0.632271240234375,-0.7003909945487976,-1.0794490575790405,-2.266434907913208
1761389332176281000,0.642281005859375,-0.6927419900894165,-0.9370359778404236,-2.0389480590820312
1761389332186291000,0.652291015625,-0.6927419900894165,-0.9370359778404236,-2.0389480590820312
1761389332196270000,0.66227001953125,-0.6012870073318481,-0.70319002866745,-1.5954509973526
1761389332206280000,0.672280029296875,-0.6012870073318481,-0.70319002866745,-1.5954509973526
1761389332216289800,0.682289794921875,-0.493259996175766,-0.46914100646972656,-1.168295979499817
1761389332226269000,0.69226904296875,-0.493259996175766,-0.46914100646972656,-1.168295979499817
1761389332236278500,0.702278564453125,-0.4131940007209778,-0.2759320139884949,-0.8549429774284363
1761389332246288400,0.712288330078125,-0.4131940007209778,-0.2759320139884949,-0.8549429774284363
1761389332256267500,0.722267578125,-0.37494000792503357,-0.12499400228261948,-0.6260219812393188
1761389332266277400,0.73227734375,-0.37494000792503357,-0.12499400228261948,-0.6260219812393188
1761389332276287200,0.742287353515625,-0.36282700300216675,-0.00017299999308306724,-0.4090909957885742
1761389332286266400,0.752266357421875,-0.36282700300216675,-0.00017299999308306724,-0.4090909957885742
1761389332296276200,0.762276123046875,-0.3528040051460266,0.1105170026421547,-0.1719599962234497
1761389332306286000,0.7722861328125,-0.3528040051460266,0.1105170026421547,-0.1719599962234497
1761389332316265200,0.78226513671875,-0.3384909927845001,0.20441700518131256,0.06289499998092651
1761389332326275000,0.792275146484375,-0.3384909927845001,0.20441700518131256,0.06289499998092651
1761389332336284700,0.80228466796875,-0.3213079869747162,0.27313700318336487,0.2595050036907196
1761389332346264000,0.81226416015625,-0.3213079869747162,0.27313700318336487,0.2595050036907196
1761389332356273700,0.822273681640625,-0.2908099889755249,0.3142150044441223,0.39820900559425354
1761389332366283500,0.832283447265625,-0.2908099889755249,0.3142150044441223,0.39820900559425354
1761389332376293000,0.842293212890625,-0.2291709929704666,0.3314239978790283,0.478534996509552
1761389332386272500,0.8522724609375,-0.2291709929704666,0.3314239978790283,0.478534996509552
1761389332396282400,0.862282470703125,-0.1322219967842102,0.3286629915237427,0.5089719891548157
1761389332406292000,0.8722919921875,-0.1322219967842102,0.3286629915237427,0.5089719891548157
1761389332416271400,0.882271240234375,-0.01724500022828579,0.30704599618911743,0.499877005815506
1761389332426281000,0.892281005859375,-0.01724500022828579,0.30704599618911743,0.499877005815506
1761389332436290800,0.902290771484375,0.09774500131607056,0.2698709964752197,0.4643009901046753
1761389332446270000,0.91227001953125,0.09774500131607056,0.2698709964752197,0.4643009901046753
1761389332456279800,0.92227978515625,0.20124700665473938,0.22487500309944153,0.41537800431251526
1761389332466289700,0.93228955078125,0.20124700665473938,0.22487500309944153,0.41537800431251526
1761389332476268800,0.942268798828125,0.2851240038871765,0.1784069985151291,0.355087012052536
1761389332486278700,0.952278564453125,0.2851240038871765,0.1784069985151291,0.355087012052536
1761389332496288500,0.96228857421875,0.3453750014305115,0.13686199486255646,0.2908639907836914
1761389332506267600,0.972267578125,0.3453750014305115,0.13686199486255646,0.2908639907836914
1761389332516277500,0.982277587890625,0.3751339912414551,0.10633199661970139,0.2406580001115799
1761389332526287000,0.992287109375,0.3751339912414551,0.10633199661970139,0.2406580001115799
1761389332536266500,1.0022666015625,0.3603239953517914,0.08921699970960617,0.2159460037946701
1761389332546276000,1.012276123046875,0.3603239953517914,0.08921699970960617,0.2159460037946701
1761389332556286000,1.022285888671875,0.2945399880409241,0.09539499878883362,0.24543200433254242
1761389332566265300,1.032265380859375,0.2945399880409241,0.09539499878883362,0.24543200433254242
1761389332576275000,1.04227490234375,0.18626199662685394,0.15315400063991547,0.399742990732193
1761389332586284800,1.052284912109375,0.18626199662685394,0.15315400063991547,0.399742990732193
1761389332596264000,1.062263916015625,0.05383199825882912,0.28198501467704773,0.720881998538971
1761389332606273800,1.072273681640625,0.05383199825882912,0.28198501467704773,0.720881998538971
1761389332616283600,1.08228369140625,-0.0942699983716011,0.44461899995803833,1.1081199645996094
1761389332626293200,1.092293212890625,-0.0942699983716011,0.44461899995803833,1.1081199645996094
1761389332636272600,1.102272705078125,-0.26349401473999023,0.534621000289917,1.3107099533081055
1761389332646282200,1.1122822265625,-0.26349401473999023,0.534621000289917,1.3107099533081055
1761389332656292000,1.1222919921875,-0.4342289865016937,0.4402720034122467,1.0966700315475464
1761389332666271200,1.132271240234375,-0.4342289865016937,0.4402720034122467,1.0966700315475464
1761389332676281000,1.142281005859375,-0.5508430004119873,0.18149800598621368,0.5326719880104065
1761389332686291000,1.152291015625,-0.5508430004119873,0.18149800598621368,0.5326719880104065
1761389332696270000,1.16227001953125,-0.5677040219306946,-0.09420599788427353,-0.06619200110435486
1761389332706280000,1.172280029296875,-0.5677040219306946,-0.09420599788427353,-0.06619200110435486
1761389332716289800,1.182289794921875,-0.4696640074253082,-0.26825401186943054,-0.4547460079193115
1761389332726269000,1.19226904296875,-0.4696640074253082,-0.26825401186943054,-0.4547460079193115
1761389332736278800,1.20227880859375,-0.28152701258659363,-0.3269590139389038,-0.5994129776954651
1761389332746288400,1.212288330078125,-0.28152701258659363,-0.3269590139389038,-0.5994129776954651
1761389332756267500,1.222267578125,-0.07787100225687027,-0.3213239908218384,-0.6141240000724792
1761389332766277400,1.23227734375,-0.07787100225687027,-0.3213239908218384,-0.6141240000724792
1761389332776287200,1.242287353515625,0.05491900071501732,-0.2954539954662323,-0.6032159924507141
1761389332786266400,1.252266357421875,0.05491900071501732,-0.2954539954662323,-0.6032159924507141
1761389332796276200,1.262276123046875,0.07756099849939346,-0.2612830102443695,-0.5839719772338867
1761389332806285800,1.272285888671875,0.07756099849939346,-0.2612830102443695,-0.5839719772338867
1761389332816265200,1.28226513671875,0.019915999844670296,-0.20775599777698517,-0.5031620264053345
1761389332826275000,1.292275146484375,0.019915999844670296,-0.20775599777698517,-0.5031620264053345
1761389332836285000,1.302284912109375,-0.06866300106048584,-0.12509199976921082,-0.3133789896965027
1761389332846264000,1.31226416015625,-0.06866300106048584,-0.12509199976921082,-0.3133789896965027
1761389332856274000,1.32227392578125,-0.15540100634098053,-0.01602100022137165,-0.023043999448418617
1761389332866283500,1.332283447265625,-0.15540100634098053,-0.01602100022137165,-0.023043999448418617
1761389332876293400,1.34229345703125,-0.22820299863815308,0.1056400015950203,0.3105059862136841
1761389332886272500,1.3522724609375,-0.22820299863815308,0.1056400015950203,0.3105059862136841
1761389332896282400,1.362282470703125,-0.2852169871330261,0.21827100217342377,0.6088619828224182
1761389332906292200,1.372292236328125,-0.2852169871330261,0.21827100217342377,0.6088619828224182
1761389332916271400,1.382271240234375,-0.3271389901638031,0.3055900037288666,0.8201720118522644
1761389332926281200,1.39228125,-0.3271389901638031,0.3055900037288666,0.8201720118522644
1761389332936291000,1.402291015625,-0.34391000866889954,0.36477699875831604,0.9417009949684143
1761389332946270200,1.412270263671875,-0.34391000866889954,0.36477699875831604,0.9417009949684143
1761389332956280000,1.422280029296875,-0.30243200063705444,0.40518900752067566,1.0056289434432983
1761389332966290000,1.4322900390625,-0.30243200063705444,0.40518900752067566,1.0056289434432983
1761389332976269000,1.44226904296875,-0.18285299837589264,0.4305039942264557,1.0325989723205566
1761389332986279000,1.45227880859375,-0.18285299837589264,0.4305039942264557,1.0325989723205566
1761389332996288500,1.46228857421875,-0.015817999839782715,0.4280419945716858,1.0104140043258667
1761389333006268000,1.472267822265625,-0.015817999839782715,0.4280419945716858,1.0104140043258667
1761389333016277500,1.482277587890625,0.13905200362205505,0.3811190128326416,0.9167100191116333
1761389333026287400,1.492287353515625,0.13905200362205505,0.3811190128326416,0.9167100191116333
1761389333036266500,1.5022666015625,0.2480819970369339,0.28685399889945984,0.7488070130348206
1761389333046276400,1.5122763671875,0.2480819970369339,0.28685399889945984,0.7488070130348206
1761389333056286000,1.522285888671875,0.31940901279449463,0.16248899698257446,0.536961019039154
1761389333066265300,1.532265380859375,0.31940901279449463,0.16248899698257446,0.536961019039154
1761389333076275000,1.54227490234375,0.3684830069541931,0.028522999957203865,0.313387006521225
1761389333086284800,1.552284912109375,0.3684830069541931,0.028522999957203865,0.313387006521225
1761389333096264000,1.562263916015625,0.400301992893219,-0.10729099810123444,0.08583900332450867
1761389333106273800,1.572273681640625,0.400301992893219,-0.10729099810123444,0.08583900332450867
1761389333116283600,1.58228369140625,0.4356440007686615,-0.2371719926595688,-0.13436199724674225
1761389333126293200,1.592293212890625,0.4356440007686615,-0.2371719926595688,-0.13436199724674225
1761389333136272600,1.602272705078125,0.4976139962673187,-0.3479659855365753,-0.32481399178504944
1761389333146282200,1.6122822265625,0.4976139962673187,-0.3479659855365753,-0.32481399178504944
1761389333156292000,1.6222919921875,0.5726460218429565,-0.4481090009212494,-0.5026479959487915
1761389333166271200,1.632271240234375,0.5726460218429565,-0.4481090009212494,-0.5026479959487915
1761389333176281000,1.642281005859375,0.6169660091400146,-0.5577859878540039,-0.7067810297012329
1761389333186290700,1.652290771484375,0.6169660091400146,-0.5577859878540039,-0.7067810297012329
1761389333196270000,1.66227001953125,0.6025149822235107,-0.6526280045509338,-0.8884419798851013
1761389333206280000,1.672280029296875,0.6025149822235107,-0.6526280045509338,-0.8884419798851013
1761389333216289500,1.68228955078125,0.5435450077056885,-0.6836469769477844,-0.9422360062599182
1761389333226268700,1.6922685546875,0.5435450077056885,-0.6836469769477844,-0.9422360062599182
1761389333236278500,1.702278564453125,0.457722008228302,-0.6510099768638611,-0.861283004283905
1761389333246288400,1.712288330078125,0.457722008228302,-0.6510099768638611,-0.861283004283905
1761389333256267500,1.722267578125,0.33576101064682007,-0.6025180220603943,-0.7494059801101685
1761389333266277400,1.73227734375,0.33576101064682007,-0.6025180220603943,-0.7494059801101685
1761389333276287000,1.742286865234375,0.18693700432777405,-0.570684015750885,-0.6870899796485901
1761389333286266400,1.752266357421875,0.18693700432777405,-0.570684015750885,-0.6870899796485901
1761389333296276200,1.762276123046875,0.05527399852871895,-0.5428320169448853,-0.658312976360321
1761389333306285800,1.772285888671875,0.05527399852871895,-0.5428320169448853,-0.658312976360321
1761389333316265200,1.78226513671875,-0.028853999450802803,-0.49652600288391113,-0.6199250221252441
1761389333326274800,1.79227490234375,-0.028853999450802803,-0.49652600288391113,-0.6199250221252441
1761389333336284700,1.80228466796875,-0.08498100191354752,-0.4289880096912384,-0.5607039928436279
1761389333346263800,1.812263916015625,-0.08498100191354752,-0.4289880096912384,-0.5607039928436279
1761389333356273700,1.822273681640625,-0.14750100672245026,-0.341374009847641,-0.463018000125885
1761389333366283500,1.832283447265625,-0.14750100672245026,-0.341374009847641,-0.463018000125885
1761389333376293000,1.842293212890625,-0.20201699435710907,-0.22841300070285797,-0.2929899990558624
1761389333386272500,1.8522724609375,-0.20201699435710907,-0.22841300070285797,-0.2929899990558624
1761389333396282400,1.862282470703125,-0.22107799351215363,-0.08349599689245224,-0.032878000289201736
1761389333406292000,1.8722919921875,-0.22107799351215363,-0.08349599689245224,-0.032878000289201736
1761389333416271400,1.882271240234375,-0.20254400372505188,0.09760099649429321,0.3123849928379059
1761389333426281000,1.892281005859375,-0.20254400372505188,0.09760099649429321,0.3123849928379059
1761389333436290800,1.902290771484375,-0.1634880006313324,0.30386000871658325,0.7036160230636597
1761389333446270000,1.91227001953125,-0.1634880006313324,0.30386000871658325,0.7036160230636597
1761389333456279800,1.92227978515625,-0.11701799929141998,0.5153130292892456,1.0856679677963257
1761389333466289700,1.93228955078125,-0.11701799929141998,0.5153130292892456,1.0856679677963257
1761389333476268800,1.942268798828125,-0.06671199947595596,0.6940780282020569,1.3718639612197876
1761389333486278700,1.952278564453125,-0.06671199947595596,0.6940780282020569,1.3718639612197876
1761389333496288300,1.962288330078125,-0.04112600162625313,0.7648400068283081,1.4225709438323975
1761389333506267600,1.972267578125,-0.04112600162625313,0.7648400068283081,1.4225709438323975
1761389333516277500,1.982277587890625,-0.0699789971113205,0.6602529883384705,1.1450539827346802
1761389333526287000,1.992287109375,-0.0699789971113205,0.6602529883384705,1.1450539827346802
1761389333536266500,2.0022666015625,-0.1412380039691925,0.39347100257873535,0.603190004825592
1761389333546276000,2.012276123046875,-0.1412380039691925,0.39347100257873535,0.603190004825592
1761389333556286000,2.022285888671875,-0.20290100574493408,0.07921499758958817,0.015189000405371189
1761389333566265300,2.032265380859375,-0.20290100574493408,0.07921499758958817,0.015189000405371189
1761389333576275000,2.04227490234375,-0.21483199298381805,-0.1648849993944168,-0.4189560115337372
1761389333586284800,2.052284912109375,-0.21483199298381805,-0.1648849993944168,-0.4189560115337372
1761389333596264000,2.062263916015625,-0.16888700425624847,-0.3130829930305481,-0.6638860106468201
1761389333606273800,2.072273681640625,-0.16888700425624847,-0.3130829930305481,-0.6638860106468201
1761389333616283600,2.08228369140625,-0.060812000185251236,-0.3877770006656647,-0.7703539729118347
1761389333626293200,2.092293212890625,-0.060812000185251236,-0.3877770006656647,-0.7703539729118347
1761389333636272600,2.102272705078125,0.09680899977684021,-0.40696999430656433,-0.7751420140266418
1761389333646282200,2.1122822265625,0.09680899977684021,-0.40696999430656433,-0.7751420140266418
1761389333656292000,2.1222919921875,0.278903990983963,-0.3894970118999481,-0.7089409828186035
1761389333666271200,2.132271240234375,0.278903990983963,-0.3894970118999481,-0.7089409828186035
1761389333676281000,2.142281005859375,0.45618999004364014,-0.37296101450920105,-0.638493001461029
1761389333686291000,2.152291015625,0.45618999004364014,-0.37296101450920105,-0.638493001461029
1761389333696270000,2.16227001953125,0.5923929810523987,-0.40715599060058594,-0.6636490225791931
1761389333706280000,2.172280029296875,0.5923929810523987,-0.40715599060058594,-0.6636490225791931
1761389333716289800,2.182289794921875,0.6449570059776306,-0.49723199009895325,-0.8016059994697571
1761389333726269000,2.19226904296875,0.6449570059776306,-0.49723199009895325,-0.8016059994697571
1761389333736278800,2.20227880859375,0.5889229774475098,-0.5523800253868103,-0.8641960024833679
1761389333746288400,2.212288330078125,0.5889229774475098,-0.5523800253868103,-0.8641960024833679
1761389333756267500,2.222267578125,0.4350920021533966,-0.4926320016384125,-0.6792960166931152
1761389333766277400,2.23227734375,0.4350920021533966,-0.4926320016384125,-0.6792960166931152
1761389333776287200,2.242287353515625,0.20686300098896027,-0.3609029948711395,-0.34333598613739014
1761389333786266400,2.252266357421875,0.20686300098896027,-0.3609029948711395,-0.34333598613739014
1761389333796276200,2.262276123046875,-0.057799000293016434,-0.24573999643325806,-0.060603998601436615
1761389333806285800,2.272285888671875,-0.057799000293016434,-0.24573999643325806,-0.060603998601436615
1761389333816265200,2.28226513671875,-0.29001399874687195,-0.18342499434947968,0.08023499697446823
1761389333826275000,2.292275146484375,-0.29001399874687195,-0.18342499434947968,0.08023499697446823
1761389333836284700,2.30228466796875,-0.4236760139465332,-0.14974500238895416,0.13339799642562866
1761389333846264000,2.31226416015625,-0.4236760139465332,-0.14974500238895416,0.13339799642562866
1761389333856273700,2.322273681640625,-0.4437600076198578,-0.11053100228309631,0.18127800524234772
1761389333866283500,2.332283447265625,-0.4437600076198578,-0.11053100228309631,0.18127800524234772
1761389333876293400,2.34229345703125,-0.3802169859409332,-0.05223200097680092,0.2624559998512268
1761389333886272500,2.3522724609375,-0.3802169859409332,-0.05223200097680092,0.2624559998512268
1761389333896282400,2.362282470703125,-0.28275999426841736,0.009247000329196453,0.3514530062675476
1761389333906292000,2.3722919921875,-0.28275999426841736,0.009247000329196453,0.3514530062675476
1761389333916271400,2.382271240234375,-0.1844629943370819,0.046323999762535095,0.39456599950790405
1761389333926281000,2.392281005859375,-0.1844629943370819,0.046323999762535095,0.39456599950790405
1761389333936290800,2.402290771484375,-0.09373600035905838,0.061337001621723175,0.3999690115451813
1761389333946270200,2.412270263671875,-0.09373600035905838,0.061337001621723175,0.3999690115451813
1761389333956279800,2.42227978515625,-0.006593999918550253,0.09018900245428085,0.4429759979248047
1761389333966289700,2.43228955078125,-0.006593999918550253,0.09018900245428085,0.4429759979248047
1761389333976268800,2.442268798828125,0.08412600308656693,0.16119800508022308,0.5771520137786865
1761389333986278700,2.452278564453125,0.08412600308656693,0.16119800508022308,0.5771520137786865
1761389333996288500,2.46228857421875,0.17984400689601898,0.2629129886627197,0.770700991153717
1761389334006267600,2.472267578125,0.17984400689601898,0.2629129886627197,0.770700991153717
1761389334016277200,2.48227734375,0.2839379906654358,0.3722609877586365,0.9699239730834961
1761389334026287000,2.492287109375,0.2839379906654358,0.3722609877586365,0.9699239730834961
1761389334036266200,2.502266357421875,0.39017999172210693,0.47238799929618835,1.136868953704834
1761389334046276000,2.512276123046875,0.39017999172210693,0.47238799929618835,1.136868953704834
1761389334056286000,2.522285888671875,0.4752880036830902,0.5375580191612244,1.2147530317306519
1761389334066265000,2.53226513671875,0.4752880036830902,0.5375580191612244,1.2147530317306519
1761389334076275000,2.54227490234375,0.5169699788093567,0.5399789810180664,1.1475039720535278
1761389334086284800,2.552284912109375,0.5169699788093567,0.5399789810180664,1.1475039720535278
1761389334096264000,2.562263916015625,0.5101379752159119,0.46389898657798767,0.9178000092506409
1761389334106273800,2.572273681640625,0.5101379752159119,0.46389898657798767,0.9178000092506409
1761389334116283400,2.582283447265625,0.45688098669052124,0.3157399892807007,0.5546159744262695
1761389334126293200,2.592293212890625,0.45688098669052124,0.3157399892807007,0.5546159744262695
1761389334136272600,2.602272705078125,0.35262298583984375,0.12557199597358704,0.11128000169992447
1761389334146282200,2.6122822265625,0.35262298583984375,0.12557199597358704,0.11128000169992447
1761389334156292000,2.6222919921875,0.20579800009727478,-0.05272899940609932,-0.33116400241851807
1761389334166271200,2.632271240234375,0.20579800009727478,-0.05272899940609932,-0.33116400241851807
1761389334176281000,2.642281005859375,0.019135000184178352,-0.16427700221538544,-0.6776589751243591
1761389334186290700,2.652290771484375,0.019135000184178352,-0.16427700221538544,-0.6776589751243591
1761389334196270000,2.66227001953125,-0.23451800644397736,-0.2107190042734146,-0.9097959995269775
1761389334206280000,2.672280029296875,-0.23451800644397736,-0.2107190042734146,-0.9097959995269775
1761389334216289500,2.68228955078125,-0.5677040219306946,-0.2523370087146759,-1.109989047050476
1761389334226269000,2.69226904296875,-0.5677040219306946,-0.2523370087146759,-1.109989047050476
1761389334236278500,2.702278564453125,-0.9138749837875366,-0.3218660056591034,-1.3238919973373413
1761389334246288400,2.712288330078125,-0.9138749837875366,-0.3218660056591034,-1.3238919973373413
1761389334256267800,2.722267822265625,-1.120906949043274,-0.3381099998950958,-1.3708440065383911
1761389334266277400,2.73227734375,-1.120906949043274,-0.3381099998950958,-1.3708440065383911
1761389334276287200,2.742287353515625,-1.0938550233840942,-0.21472899615764618,-1.0599030256271362
1761389334286266400,2.752266357421875,-1.0938550233840942,-0.21472899615764618,-1.0599030256271362
1761389334296276200,2.762276123046875,-0.8668839931488037,-0.011160999536514282,-0.5486890077590942
1761389334306286000,2.7722861328125,-0.8668839931488037,-0.011160999536514282,-0.5486890077590942
1761389334316265200,2.78226513671875,-0.5389459729194641,0.13038000464439392,-0.1936510056257248
1761389334326275000,2.792275146484375,-0.5389459729194641,0.13038000464439392,-0.1936510056257248
1761389334336284700,2.80228466796875,-0.2313529998064041,0.11901199817657471,-0.21108099818229675
1761389334346264000,2.81226416015625,-0.2313529998064041,0.11901199817657471,-0.21108099818229675
1761389334356273700,2.822273681640625,-0.027615999802947044,-0.006585999857634306,-0.5043309926986694
1761389334366283500,2.832283447265625,-0.027615999802947044,-0.006585999857634306,-0.5043309926986694
1761389334386272500,2.8522724609375,0.06315899640321732,-0.13629600405693054,-0.8173419833183289
1761389334396282400,2.862282470703125,0.07908499985933304,-0.1966090053319931,-0.9711999893188477
1761389334406292200,2.872292236328125,0.07908499985933304,-0.1966090053319931,-0.9711999893188477
1761389334416271400,2.882271240234375,0.056196000427007675,-0.17786400020122528,-0.9218159914016724
1761389334426281000,2.892281005859375,0.056196000427007675,-0.17786400020122528,-0.9218159914016724
1761389334436290800,2.902290771484375,0.01569800078868866,-0.11078699678182602,-0.7287009954452515
1761389334446270000,2.91227001953125,0.01569800078868866,-0.11078699678182602,-0.7287009954452515
1761389334456279800,2.92227978515625,-0.029795000329613686,-0.026062000542879105,-0.47372201085090637
1761389334466289700,2.93228955078125,-0.029795000329613686,-0.026062000542879105,-0.47372201085090637
1761389334476268800,2.942268798828125,-0.07673700153827667,0.06073800101876259,-0.21761900186538696
1761389334486278700,2.952278564453125,-0.07673700153827667,0.06073800101876259,-0.21761900186538696
1761389334496288300,2.962288330078125,-0.12501800060272217,0.14110499620437622,0.005485000088810921
1761389334506267600,2.972267578125,-0.12501800060272217,0.14110499620437622,0.005485000088810921
1761389334516277500,2.982277587890625,-0.1674170047044754,0.21379299461841583,0.1906830072402954
1761389334526287000,2.992287109375,-0.1674170047044754,0.21379299461841583,0.1906830072402954
1761389334536266500,3.0022666015625,-0.19548000395298004,0.2829880118370056,0.3472990095615387
1761389334546276000,3.012276123046875,-0.19548000395298004,0.2829880118370056,0.3472990095615387
1761389334556286000,3.022285888671875,-0.21366700530052185,0.3481470048427582,0.4788450002670288
1761389334566265000,3.03226513671875,-0.21366700530052185,0.3481470048427582,0.4788450002670288
1761389334576275000,3.04227490234375,-0.22953900694847107,0.40327900648117065,0.5839160084724426
1761389334586284800,3.052284912109375,-0.22953900694847107,0.40327900648117065,0.5839160084724426
1761389334596264000,3.062263916015625,-0.2432059943675995,0.4392940104007721,0.6544989943504333
1761389334606273800,3.072273681640625,-0.2432059943675995,0.4392940104007721,0.6544989943504333
1761389334616283400,3.082283447265625,-0.25144699215888977,0.43824300169944763,0.6550559997558594
1761389334626293200,3.092293212890625,-0.25144699215888977,0.43824300169944763,0.6550559997558594
1761389334636272400,3.1022724609375,-0.2427230030298233,0.3856709897518158,0.5518649816513062
1761389334646282200,3.1122822265625,-0.2427230030298233,0.3856709897518158,0.5518649816513062
1761389334656292000,3.1222919921875,-0.19697600603103638,0.29093700647354126,0.36822500824928284
1761389334666271200,3.132271240234375,-0.19697600603103638,0.29093700647354126,0.36822500824928284
1761389334676281000,3.142281005859375,-0.1110529974102974,0.18329599499702454,0.17558200657367706
1761389334686291000,3.152291015625,-0.1110529974102974,0.18329599499702454,0.17558200657367706
1761389334696270000,3.16227001953125,-0.004732000175863504,0.08781000226736069,0.02683199942111969
1761389334706280000,3.172280029296875,-0.004732000175863504,0.08781000226736069,0.02683199942111969
1761389334716289800,3.182289794921875,0.12321600317955017,0.005646999925374985,-0.09455300122499466
1761389334726269000,3.19226904296875,0.12321600317955017,0.005646999925374985,-0.09455300122499466
1761389334736278800,3.20227880859375,0.29285499453544617,-0.08112099766731262,-0.2514359951019287
1761389334746288400,3.212288330078125,0.29285499453544617,-0.08112099766731262,-0.2514359951019287
1761389334756267500,3.222267578125,0.4773220121860504,-0.1954440027475357,-0.4930739998817444
1761389334766277400,3.23227734375,0.4773220121860504,-0.1954440027475357,-0.4930739998817444
1761389334776287200,3.242287353515625,0.604718029499054,-0.33881399035453796,-0.8003079891204834
1761389334786266400,3.252266357421875,0.604718029499054,-0.33881399035453796,-0.8003079891204834
1761389334796276200,3.262276123046875,0.6307820081710815,-0.47462499141693115,-1.0716979503631592
1761389334806286000,3.2722861328125,0.6307820081710815,-0.47462499141693115,-1.0716979503631592
1761389334816265200,3.28226513671875,0.578423023223877,-0.5435519814491272,-1.1682480573654175
1761389334826275000,3.292275146484375,0.578423023223877,-0.5435519814491272,-1.1682480573654175
1761389334836285000,3.302284912109375,0.4918679893016815,-0.5046899914741516,-1.002953052520752
1761389334846264000,3.31226416015625,0.4918679893016815,-0.5046899914741516,-1.002953052520752
1761389334856274000,3.32227392578125,0.3975769877433777,-0.3764770030975342,-0.6346589922904968
1761389334866283500,3.332283447265625,0.3975769877433777,-0.3764770030975342,-0.6346589922904968
1761389334876293400,3.34229345703125,0.3121820092201233,-0.22364699840545654,-0.23178799450397491
1761389334886272500,3.3522724609375,0.3121820092201233,-0.22364699840545654,-0.23178799450397491
1761389334896282400,3.362282470703125,0.2301730066537857,-0.10982400178909302,0.05936200171709061
1761389334906292200,3.372292236328125,0.2301730066537857,-0.10982400178909302,0.05936200171709061
1761389334916271400,3.382271240234375,0.1331149935722351,-0.05243099853396416,0.2116129994392395
1761389334926281200,3.39228125,0.1331149935722351,-0.05243099853396416,0.2116129994392395
1761389334936290800,3.402290771484375,0.011253000237047672,-0.026012999936938286,0.29336899518966675
1761389334946270200,3.412270263671875,0.011253000237047672,-0.026012999936938286,0.29336899518966675
1761389334956279800,3.42227978515625,-0.13224999606609344,-0.005805000197142363,0.371504008769989
1761389334966289700,3.43228955078125,-0.13224999606609344,-0.005805000197142363,0.371504008769989
1761389334976268800,3.442268798828125,-0.27957698702812195,0.007530999835580587,0.45638298988342285
1761389334986278700,3.452278564453125,-0.27957698702812195,0.007530999835580587,0.45638298988342285
1761389334996288500,3.46228857421875,-0.4125710129737854,-0.00369199994020164,0.5168989896774292
1761389335006267600,3.472267578125,-0.4125710129737854,-0.00369199994020164,0.5168989896774292
1761389335016277500,3.482277587890625,-0.5220469832420349,-0.04254499822854996,0.5436720252037048
1761389335026287400,3.492287353515625,-0.5220469832420349,-0.04254499822854996,0.5436720252037048
1761389335036266500,3.5022666015625,-0.5997380018234253,-0.08615799993276596,0.5646250247955322
1761389335046276400,3.5122763671875,-0.5997380018234253,-0.08615799993276596,0.5646250247955322
1761389335056286000,3.522285888671875,-0.6216599941253662,-0.10161600261926651,0.6166980266571045
1761389335066265300,3.532265380859375,-0.6216599941253662,-0.10161600261926651,0.6166980266571045
1761389335076275000,3.54227490234375,-0.5630980134010315,-0.07435700297355652,0.7040410041809082
1761389335086284800,3.552284912109375,-0.5630980134010315,-0.07435700297355652,0.7040410041809082
1761389335096264000,3.562263916015625,-0.44022101163864136,-0.014271000400185585,0.8023409843444824
1761389335106273800,3.572273681640625,-0.44022101163864136,-0.014271000400185585,0.8023409843444824
1761389335116283600,3.58228369140625,-0.3108749985694885,0.055677998811006546,0.8769850134849548
1761389335126293500,3.59229345703125,-0.3108749985694885,0.055677998811006546,0.8769850134849548
1761389335136272600,3.602272705078125,-0.22154000401496887,0.10293000191450119,0.8677240014076233
1761389335146282500,3.612282470703125,-0.22154000401496887,0.10293000191450119,0.8677240014076233
1761389335156292000,3.6222919921875,-0.17769299447536469,0.09558399766683578,0.7114189863204956
1761389335166271500,3.632271484375,-0.17769299447536469,0.09558399766683578,0.7114189863204956
1761389335176281000,3.642281005859375,-0.168272003531456,0.014360000379383564,0.3836689889431
1761389335186291000,3.652291015625,-0.168272003531456,0.014360000379383564,0.3836689889431
1761389335196270300,3.662270263671875,-0.17894800007343292,-0.12890399992465973,-0.06751800328493118
1761389335206280000,3.672280029296875,-0.17894800007343292,-0.12890399992465973,-0.06751800328493118
1761389335216289800,3.682289794921875,-0.19050900638103485,-0.2838430106639862,-0.5206779837608337
1761389335226269000,3.69226904296875,-0.19050900638103485,-0.2838430106639862,-0.5206779837608337
1761389335236278800,3.70227880859375,-0.1644439995288849,-0.393435001373291,-0.8553820252418518
1761389335246288400,3.712288330078125,-0.1644439995288849,-0.393435001373291,-0.8553820252418518
1761389335256267800,3.722267822265625,-0.02155900001525879,-0.4311450123786926,-1.0379259586334229
1761389335266277400,3.73227734375,-0.02155900001525879,-0.4311450123786926,-1.0379259586334229
1761389335276287200,3.742287353515625,0.282819002866745,-0.41198500990867615,-1.1264300346374512
1761389335286266400,3.752266357421875,0.282819002866745,-0.41198500990867615,-1.1264300346374512
1761389335296276200,3.762276123046875,0.6669279932975769,-0.37472298741340637,-1.1923240423202515
1761389335306286000,3.7722861328125,0.6669279932975769,-0.37472298741340637,-1.1923240423202515
1761389335316265200,3.78226513671875,0.9678220152854919,-0.32805299758911133,-1.1893539428710938
1761389335326275000,3.792275146484375,0.9678220152854919,-0.32805299758911133,-1.1893539428710938
1761389335336285000,3.802284912109375,1.0792059898376465,-0.24648700654506683,-1.002851963043213
1761389335346264000,3.81226416015625,1.0792059898376465,-0.24648700654506683,-1.002851963043213
1761389335356273700,3.822273681640625,1.009793996810913,-0.1354849934577942,-0.6595119833946228
1761389335366283500,3.832283447265625,1.009793996810913,-0.1354849934577942,-0.6595119833946228
1761389335376293400,3.84229345703125,0.8103039860725403,-0.03369100019335747,-0.31244799494743347
1761389335386272500,3.8522724609375,0.8103039860725403,-0.03369100019335747,-0.31244799494743347
1761389335396282400,3.862282470703125,0.514132022857666,0.039406999945640564,-0.07282199710607529
1761389335406292200,3.872292236328125,0.514132022857666,0.039406999945640564,-0.07282199710607529
1761389335416271400,3.882271240234375,0.16589400172233582,0.09557200223207474,0.05259599909186363
1761389335426281200,3.89228125,0.16589400172233582,0.09557200223207474,0.05259599909186363
1761389335436290800,3.902290771484375,-0.15416400134563446,0.1444219946861267,0.09985599666833878
1761389335446270200,3.912270263671875,-0.15416400134563446,0.1444219946861267,0.09985599666833878
1761389335456280000,3.922280029296875,-0.3672879934310913,0.1863040030002594,0.11422599852085114
1761389335466289700,3.93228955078125,-0.3672879934310913,0.1863040030002594,0.11422599852085114
1761389335476269000,3.94226904296875,-0.44996699690818787,0.2344519942998886,0.16507300734519958
1761389335486278700,3.952278564453125,-0.44996699690818787,0.2344519942998886,0.16507300734519958
1761389335496288500,3.96228857421875,-0.4595310091972351,0.3045479953289032,0.30257800221443176
1761389335506267600,3.972267578125,-0.4595310091972351,0.3045479953289032,0.30257800221443176
1761389335516277500,3.982277587890625,-0.4699139893054962,0.39247798919677734,0.5136229991912842
1761389335526287000,3.992287109375,-0.4699139893054962,0.39247798919677734,0.5136229991912842
1761389335536266500,4.0022666015625,-0.5075309872627258,0.483909010887146,0.7374719977378845
1761389335546276000,4.012276123046875,-0.5075309872627258,0.483909010887146,0.7374719977378845
1761389335556286000,4.022285888671875,-0.5341939926147461,0.5795909762382507,0.9295740127563477
1761389335566265300,4.032265380859375,-0.5341939926147461,0.5795909762382507,0.9295740127563477
1761389335576275000,4.04227490234375,-0.48788899183273315,0.678542971611023,1.067370057106018
1761389335586284800,4.052284912109375,-0.48788899183273315,0.678542971611023,1.067370057106018
1761389335596264000,4.062263916015625,-0.35144999623298645,0.7456520199775696,1.0981639623641968
1761389335606273800,4.072273681640625,-0.35144999623298645,0.7456520199775696,1.0981639623641968
1761389335616283600,4.08228369140625,-0.16784599423408508,0.7271900177001953,0.9530649781227112
1761389335626293200,4.092293212890625,-0.16784599423408508,0.7271900177001953,0.9530649781227112
1761389335636272600,4.102272705078125,-0.005166999995708466,0.60971999168396,0.6346099972724915
1761389335646282200,4.1122822265625,-0.005166999995708466,0.60971999168396,0.6346099972724915
1761389335656292000,4.1222919921875,0.11194700002670288,0.4429270029067993,0.2502110004425049
1761389335666271200,4.132271240234375,0.11194700002670288,0.4429270029067993,0.2502110004425049
1761389335676281000,4.142281005859375,0.1904579997062683,0.2870030105113983,-0.08064500242471695
1761389335686290700,4.152290771484375,0.1904579997062683,0.2870030105113983,-0.08064500242471695
1761389335696270000,4.16227001953125,0.2394849956035614,0.16567599773406982,-0.3147990107536316
1761389335706279700,4.17227978515625,0.2394849956035614,0.16567599773406982,-0.3147990107536316
1761389335716289500,4.18228955078125,0.2787329852581024,0.07358799874782562,-0.4722220003604889
1761389335726269000,4.19226904296875,0.2787329852581024,0.07358799874782562,-0.4722220003604889
1761389335736278500,4.202278564453125,0.3297019898891449,0.001319000031799078,-0.5836319923400879
1761389335746288400,4.212288330078125,0.3297019898891449,0.001319000031799078,-0.5836319923400879
1761389335756267500,4.222267578125,0.4011949896812439,-0.05602800101041794,-0.6681219935417175
1761389335766277400,4.23227734375,0.4011949896812439,-0.05602800101041794,-0.6681219935417175
1761389335776287200,4.242287353515625,0.47097301483154297,-0.10963299870491028,-0.7526999711990356
1761389335786266400,4.252266357421875,0.47097301483154297,-0.10963299870491028,-0.7526999711990356
1761389335796276200,4.262276123046875,0.5005509853363037,-0.1821729987859726,-0.8826159834861755
1761389335806285800,4.272285888671875,0.5005509853363037,-0.1821729987859726,-0.8826159834861755
1761389335816265200,4.28226513671875,0.4654279947280884,-0.27960699796676636,-1.0655460357666016
1761389335826274800,4.29227490234375,0.4654279947280884,-0.27960699796676636,-1.0655460357666016
1761389335836284700,4.30228466796875,0.3675900101661682,-0.36669498682022095,-1.2269419431686401
1761389335846263800,4.312263916015625,0.3675900101661682,-0.36669498682022095,-1.2269419431686401
1761389335856273700,4.322273681640625,0.23380400240421295,-0.39317798614501953,-1.261167049407959
1761389335866283500,4.332283447265625,0.23380400240421295,-0.39317798614501953,-1.261167049407959
1761389335876293000,4.342293212890625,0.0916220024228096,-0.3472679853439331,-1.138368010520935
1761389335886272500,4.3522724609375,0.0916220024228096,-0.3472679853439331,-1.138368010520935
1761389335896282000,4.3622822265625,-0.032506998628377914,-0.25790300965309143,-0.916146993637085
1761389335906292000,4.3722919921875,-0.032506998628377914,-0.25790300965309143,-0.916146993637085
1761389335916271000,4.38227099609375,-0.11122100055217743,-0.16144700348377228,-0.676639974117279
1761389335926281000,4.392281005859375,-0.11122100055217743,-0.16144700348377228,-0.676639974117279
1761389335936290800,4.402290771484375,-0.14092899858951569,-0.08592300117015839,-0.4889470040798187
1761389335946270200,4.412270263671875,-0.14092899858951569,-0.08592300117015839,-0.4889470040798187
1761389335956279800,4.42227978515625,-0.13680000603199005,-0.03746499866247177,-0.3651230037212372
1761389335966289700,4.43228955078125,-0.13680000603199005,-0.03746499866247177,-0.3651230037212372
1761389335976268800,4.442268798828125,-0.11469399929046631,-0.007098000030964613,-0.27181100845336914
1761389335986278700,4.452278564453125,-0.11469399929046631,-0.007098000030964613,-0.27181100845336914
1761389335996288500,4.46228857421875,-0.0804160013794899,0.01457899995148182,-0.176488995552063
1761389336006267600,4.472267578125,-0.0804160013794899,0.01457899995148182,-0.176488995552063
1761389336016277200,4.48227734375,-0.03461499884724617,0.03345600143074989,-0.069023996591568
1761389336026287000,4.492287109375,-0.03461499884724617,0.03345600143074989,-0.069023996591568
1761389336036266500,4.5022666015625,0.01447100006043911,0.05291400104761124,0.0423629991710186
1761389336046276400,4.5122763671875,0.01447100006043911,0.05291400104761124,0.0423629991710186
1761389336056286000,4.522285888671875,0.057597000151872635,0.08105900138616562,0.16139499843120575
1761389336066265300,4.532265380859375,0.057597000151872635,0.08105900138616562,0.16139499843120575
1761389336076275000,4.54227490234375,0.08624300360679626,0.1245800033211708,0.30069100856781006
1761389336086284800,4.552284912109375,0.08624300360679626,0.1245800033211708,0.30069100856781006
1761389336096264000,4.562263916015625,0.0936259999871254,0.18124200403690338,0.4583730101585388
1761389336106273800,4.572273681640625,0.0936259999871254,0.18124200403690338,0.4583730101585388
1761389336116283600,4.58228369140625,0.0820230022072792,0.24337899684906006,0.6151319742202759
1761389336126293200,4.592293212890625,0.0820230022072792,0.24337899684906006,0.6151319742202759
1761389336136272600,4.602272705078125,0.05886499956250191,0.30138498544692993,0.7466989755630493
1761389336146282200,4.6122822265625,0.05886499956250191,0.30138498544692993,0.7466989755630493
1761389336156292000,4.6222919921875,0.029455000534653664,0.339711993932724,0.8193939924240112
1761389336166271200,4.632271240234375,0.029455000534653664,0.339711993932724,0.8193939924240112
1761389336176281000,4.642281005859375,-0.009061000309884548,0.33457401394844055,0.7847809791564941
1761389336186291000,4.652291015625,-0.009061000309884548,0.33457401394844055,0.7847809791564941
1761389336196270000,4.66227001953125,-0.05376100167632103,0.2770090103149414,0.632066011428833
1761389336206280000,4.672280029296875,-0.05376100167632103,0.2770090103149414,0.632066011428833
1761389336216289500,4.68228955078125,-0.08807999640703201,0.1930599957704544,0.4277440011501312
1761389336226269000,4.69226904296875,-0.08807999640703201,0.1930599957704544,0.4277440011501312
1761389336236278500,4.702278564453125,-0.10089900344610214,0.12025900185108185,0.25929901003837585
1761389336246288400,4.712288330078125,-0.10089900344610214,0.12025900185108185,0.25929901003837585
1761389336256267800,4.722267822265625,-0.09554000198841095,0.07283700257539749,0.1566929966211319
1761389336266277400,4.73227734375,-0.09554000198841095,0.07283700257539749,0.1566929966211319
1761389336276287200,4.742287353515625,-0.07389199733734131,0.043237000703811646,0.09689000248908997
1761389336286266400,4.752266357421875,-0.07389199733734131,0.043237000703811646,0.09689000248908997
1761389336296276200,4.762276123046875,-0.01674400083720684,0.020898999646306038,0.050200000405311584
1761389336306285800,4.772285888671875,-0.01674400083720684,0.020898999646306038,0.050200000405311584
1761389336316265200,4.78226513671875,0.08492500334978104,-0.005801000166684389,-0.012225000187754631
1761389336326274800,4.79227490234375,0.08492500334978104,-0.005801000166684389,-0.012225000187754631
1761389336336284700,4.80228466796875,0.2065189927816391,-0.05067899823188782,-0.12237200140953064
1761389336346264000,4.81226416015625,0.2065189927816391,-0.05067899823188782,-0.12237200140953064
1761389336356273700,4.822273681640625,0.3260580003261566,-0.11135900020599365,-0.2820279896259308
1761389336366283500,4.832283447265625,0.3260580003261566,-0.11135900020599365,-0.2820279896259308
1761389336376293000,4.842293212890625,0.4257409870624542,-0.16639700531959534,-0.44731900095939636
1761389336386272500,4.8522724609375,0.4257409870624542,-0.16639700531959534,-0.44731900095939636
1761389336396282400,4.862282470703125,0.483581006526947,-0.1940619945526123,-0.5616300106048584
1761389336406292000,4.8722919921875,0.483581006526947,-0.1940619945526123,-0.5616300106048584
1761389336416271400,4.882271240234375,0.4796310067176819,-0.174112007021904,-0.57635498046875
1761389336426281000,4.892281005859375,0.4796310067176819,-0.174112007021904,-0.57635498046875
1761389336436290800,4.902290771484375,0.3671469986438751,-0.10141299664974213,-0.48144999146461487
1761389336446270000,4.91227001953125,0.3671469986438751,-0.10141299664974213,-0.48144999146461487
1761389336456279800,4.92227978515625,0.13210700452327728,-0.0005280000041238964,-0.32708099484443665
1761389336466289700,4.93228955078125,0.13210700452327728,-0.0005280000041238964,-0.32708099484443665
1761389336476268800,4.942268798828125,-0.14758999645709991,0.0896570011973381,-0.18509399890899658
1761389336486278700,4.952278564453125,-0.14758999645709991,0.0896570011973381,-0.18509399890899658
1761389336496288500,4.96228857421875,-0.3577690124511719,0.15002399682998657,-0.0820619985461235
1761389336506267600,4.972267578125,-0.3577690124511719,0.15002399682998657,-0.0820619985461235
1761389336516277500,4.982277587890625,-0.43276000022888184,0.1951500028371811,0.024202000349760056
1761389336526287000,4.992287109375,-0.43276000022888184,0.1951500028371811,0.024202000349760056
1761389336536266500,5.0022666015625,-0.40537598729133606,0.24357500672340393,0.1838030070066452
1761389336546276000,5.012276123046875,-0.40537598729133606,0.24357500672340393,0.1838030070066452
1761389336556286000,5.022285888671875,-0.34046998620033264,0.30105501413345337,0.4031890034675598
1761389336566265300,5.032265380859375,-0.34046998620033264,0.30105501413345337,0.4031890034675598
1761389336576275000,5.04227490234375,-0.2789109945297241,0.3594970107078552,0.6413149833679199
1761389336586284800,5.052284912109375,-0.2789109945297241,0.3594970107078552,0.6413149833679199
1761389336596264000,5.062263916015625,-0.24078300595283508,0.40167200565338135,0.837643027305603
1761389336606273800,5.072273681640625,-0.24078300595283508,0.40167200565338135,0.837643027305603
1761389336616283600,5.08228369140625,-0.21399399638175964,0.4186350107192993,0.9585250020027161
1761389336626293200,5.092293212890625,-0.21399399638175964,0.4186350107192993,0.9585250020027161
1761389336636272600,5.102272705078125,-0.16070899367332458,0.4195820093154907,1.013340950012207
1761389336646282500,5.112282470703125,-0.16070899367332458,0.4195820093154907,1.013340950012207
1761389336656292000,5.1222919921875,-0.06068199872970581,0.40903499722480774,1.0108410120010376
1761389336666271500,5.132271484375,-0.06068199872970581,0.40903499722480774,1.0108410120010376
1761389336676281000,5.142281005859375,0.0633540004491806,0.3584260046482086,0.9066979885101318
1761389336686291000,5.152291015625,0.0633540004491806,0.3584260046482086,0.9066979885101318
1761389336696270000,5.16227001953125,0.16885599493980408,0.22934499382972717,0.6368409991264343
1761389336706280000,5.172280029296875,0.16885599493980408,0.22934499382972717,0.6368409991264343
1761389336716289800,5.182289794921875,0.23092499375343323,0.023303000256419182,0.20680199563503265
1761389336726269000,5.19226904296875,0.23092499375343323,0.023303000256419182,0.20680199563503265
1761389336736278800,5.20227880859375,0.2526710033416748,-0.2050279974937439,-0.27869999408721924
1761389336746288400,5.212288330078125,0.2526710033416748,-0.2050279974937439,-0.27869999408721924
1761389336756267800,5.222267822265625,0.24078699946403503,-0.3947179913520813,-0.7017329931259155
1761389336766277600,5.232277587890625,0.24078699946403503,-0.3947179913520813,-0.7017329931259155
1761389336776287200,5.242287353515625,0.20950199663639069,-0.5160689949989319,-1.0045180320739746
1761389336786266600,5.2522666015625,0.20950199663639069,-0.5160689949989319,-1.0045180320739746
1761389336796276200,5.262276123046875,0.1845880001783371,-0.5704939961433411,-1.1878650188446045
1761389336806286000,5.2722861328125,0.1845880001783371,-0.5704939961433411,-1.1878650188446045
1761389336816265200,5.28226513671875,0.18139299750328064,-0.5735689997673035,-1.2717469930648804
1761389336826275000,5.292275146484375,0.18139299750328064,-0.5735689997673035,-1.2717469930648804
1761389336836284700,5.30228466796875,0.18834300339221954,-0.5347899794578552,-1.252181053161621
1761389336846264000,5.31226416015625,0.18834300339221954,-0.5347899794578552,-1.252181053161621
1761389336856273700,5.322273681640625,0.18456800282001495,-0.4498859941959381,-1.0948189496994019
1761389336866283500,5.332283447265625,0.18456800282001495,-0.4498859941959381,-1.0948189496994019
1761389336876293400,5.34229345703125,0.16590799391269684,-0.2883110046386719,-0.7125470042228699
1761389336886272500,5.3522724609375,0.16590799391269684,-0.2883110046386719,-0.7125470042228699
1761389336896282400,5.362282470703125,0.15358500182628632,-0.04543599858880043,-0.10784099996089935
1761389336906292000,5.3722919921875,0.15358500182628632,-0.04543599858880043,-0.10784099996089935
1761389336916271400,5.382271240234375,0.1622759997844696,0.22314700484275818,0.5518509745597839
1761389336926281000,5.392281005859375,0.1622759997844696,0.22314700484275818,0.5518509745597839
1761389336936290800,5.402290771484375,0.17083799839019775,0.4373149871826172,1.0542409420013428
1761389336946270200,5.412270263671875,0.17083799839019775,0.4373149871826172,1.0542409420013428
1761389336956279800,5.42227978515625,0.1573140025138855,0.5362939834594727,1.2530879974365234
1761389336966289700,5.43228955078125,0.1573140025138855,0.5362939834594727,1.2530879974365234
1761389336976268800,5.442268798828125,0.12446500360965729,0.52497798204422,1.1722489595413208
1761389336986278700,5.452278564453125,0.12446500360965729,0.52497798204422,1.1722489595413208
1761389336996288500,5.46228857421875,0.07646600157022476,0.4460879862308502,0.9299070239067078
1761389337006267600,5.472267578125,0.07646600157022476,0.4460879862308502,0.9299070239067078
1761389337016277200,5.48227734375,0.010851000435650349,0.34807801246643066,0.6505740284919739
1761389337026287000,5.492287109375,0.010851000435650349,0.34807801246643066,0.6505740284919739
1761389337036266200,5.502266357421875,-0.07272399961948395,0.2720330059528351,0.43106698989868164
1761389337046276000,5.512276123046875,-0.07272399961948395,0.2720330059528351,0.43106698989868164
1761389337056286000,5.522285888671875,-0.1687610000371933,0.23446999490261078,0.306551992893219
1761389337066265000,5.53226513671875,-0.1687610000371933,0.23446999490261078,0.306551992893219
1761389337076275000,5.54227490234375,-0.2598859965801239,0.23184500634670258,0.26944699883461
1761389337086284800,5.552284912109375,-0.2598859965801239,0.23184500634670258,0.26944699883461
1761389337096264000,5.562263916015625,-0.3325200080871582,0.24489900469779968,0.28161799907684326
1761389337106273800,5.572273681640625,-0.3325200080871582,0.24489900469779968,0.28161799907684326
1761389337116283600,5.58228369140625,-0.36472201347351074,0.25872600078582764,0.31004899740219116
1761389337126293200,5.592293212890625,-0.36472201347351074,0.25872600078582764,0.31004899740219116
1761389337136272600,5.602272705078125,-0.33908501267433167,0.2727150022983551,0.34696000814437866
1761389337146282200,5.6122822265625,-0.33908501267433167,0.2727150022983551,0.34696000814437866
1761389337156292000,5.6222919921875,-0.2607870101928711,0.2854290008544922,0.38514599204063416
1761389337166271200,5.632271240234375,-0.2607870101928711,0.2854290008544922,0.38514599204063416
1761389337176281000,5.642281005859375,-0.13884900510311127,0.2956410050392151,0.4235369861125946
1761389337186291000,5.652291015625,-0.13884900510311127,0.2956410050392151,0.4235369861125946
1761389337196270000,5.66227001953125,0.010811000131070614,0.29762399196624756,0.45386800169944763
1761389337206280000,5.672280029296875,0.010811000131070614,0.29762399196624756,0.45386800169944763
1761389337216289500,5.68228955078125,0.1694979965686798,0.2752630114555359,0.4434710144996643
1761389337226269000,5.69226904296875,0.1694979965686798,0.2752630114555359,0.4434710144996643
1761389337236278500,5.702278564453125,0.3105359971523285,0.21769799292087555,0.36365601420402527
1761389337246288400,5.712288330078125,0.3105359971523285,0.21769799292087555,0.36365601420402527
1761389337256267800,5.722267822265625,0.40256598591804504,0.13277900218963623,0.21523700654506683
1761389337266277400,5.73227734375,0.40256598591804504,0.13277900218963623,0.21523700654506683
1761389337276287200,5.742287353515625,0.444362998008728,0.044183000922203064,0.031279999762773514
1761389337286266400,5.752266357421875,0.444362998008728,0.044183000922203064,0.031279999762773514
1761389337296276200,5.762276123046875,0.44135499000549316,-0.025421999394893646,-0.14540399610996246
1761389337306286000,5.7722861328125,0.44135499000549316,-0.025421999394893646,-0.14540399610996246
1761389337316265200,5.78226513671875,0.3736810088157654,-0.06227000057697296,-0.2757120132446289
1761389337326275000,5.792275146484375,0.3736810088157654,-0.06227000057697296,-0.2757120132446289
1761389337336285000,5.802284912109375,0.21006999909877777,-0.07579299807548523,-0.3624170124530792
1761389337346264000,5.81226416015625,0.21006999909877777,-0.07579299807548523,-0.3624170124530792
1761389337356274000,5.82227392578125,-0.05856600031256676,-0.10231799632310867,-0.4687280058860779
1761389337366283500,5.832283447265625,-0.05856600031256676,-0.10231799632310867,-0.4687280058860779
1761389337376293400,5.84229345703125,-0.39506199955940247,-0.17755000293254852,-0.6631140112876892
1761389337386272500,5.8522724609375,-0.39506199955940247,-0.17755000293254852,-0.6631140112876892
1761389337396282400,5.862282470703125,-0.22258000075817108,-0.3020789921283722,-0.945231020450592
1761389337406292200,5.872292236328125,-0.22258000075817108,-0.3020789921283722,-0.945231020450592
1761389337416271400,5.882271240234375,-0.17656099796295166,-0.4360930025577545,-1.2339110374450684
1761389337426281200,5.89228125,-0.17656099796295166,-0.4360930025577545,-1.2339110374450684
1761389337436290800,5.902290771484375,-0.5564129948616028,-0.5107120275497437,-1.3859059810638428
1761389337446270200,5.912270263671875,-0.5564129948616028,-0.5107120275497437,-1.3859059810638428
1761389337456280000,5.922280029296875,-0.5693920254707336,-0.48336100578308105,-1.312188982963562
1761389337466289700,5.93228955078125,-0.5693920254707336,-0.48336100578308105,-1.312188982963562
1761389337476269000,5.94226904296875,-0.39746901392936707,-0.3717769980430603,-1.0485810041427612
1761389337486278700,5.952278564453125,-0.39746901392936707,-0.3717769980430603,-1.0485810041427612
1761389337496288500,5.96228857421875,-0.19345900416374207,-0.22335700690746307,-0.6951190233230591
1761389337506267600,5.972267578125,-0.19345900416374207,-0.22335700690746307,-0.6951190233230591
1761389337516277500,5.982277587890625,-0.042403001338243484,-0.09419599920511246,-0.3795740008354187
1761389337526287000,5.992287109375,-0.042403001338243484,-0.09419599920511246,-0.3795740008354187
1761389337536266500,6.0022666015625,0.0340999998152256,-0.018617000430822372,-0.18467900156974792
1761389337546276000,6.012276123046875,0.0340999998152256,-0.018617000430822372,-0.18467900156974792
1761389337556286000,6.022285888671875,0.03915699943900108,0.004867999814450741,-0.10422699898481369
1761389337566265300,6.032265380859375,0.03915699943900108,0.004867999814450741,-0.10422699898481369
1761389337576275000,6.04227490234375,-0.023984000086784363,0.004129999782890081,-0.059498999267816544
1761389337586284800,6.052284912109375,-0.023984000086784363,0.004129999782890081,-0.059498999267816544
1761389337596264000,6.062263916015625,-0.13872000575065613,0.008085000328719616,0.021640000864863396
1761389337606273800,6.072273681640625,-0.13872000575065613,0.008085000328719616,0.021640000864863396
1761389337616283600,6.08228369140625,-0.26962101459503174,0.025741999968886375,0.14626100659370422
1761389337626293200,6.092293212890625,-0.26962101459503174,0.025741999968886375,0.14626100659370422
1761389337636272600,6.102272705078125,-0.3803569972515106,0.04693000018596649,0.2731820046901703
1761389337646282200,6.1122822265625,-0.3803569972515106,0.04693000018596649,0.2731820046901703
1761389337656292000,6.1222919921875,-0.4486039876937866,0.0578479990363121,0.3618620038032532
1761389337666271200,6.132271240234375,-0.4486039876937866,0.0578479990363121,0.3618620038032532
1761389337676281000,6.142281005859375,-0.4630729854106903,0.0572890006005764,0.40880098938941956
1761389337686291000,6.152291015625,-0.4630729854106903,0.0572890006005764,0.40880098938941956
1761389337696270000,6.16227001953125,-0.42518800497055054,0.05380700156092644,0.4374929964542389
1761389337706279700,6.17227978515625,-0.42518800497055054,0.05380700156092644,0.4374929964542389
1761389337716289500,6.18228955078125,-0.35981398820877075,0.05458100140094757,0.47311899065971375
1761389337726269000,6.19226904296875,-0.35981398820877075,0.05458100140094757,0.47311899065971375
1761389337736278800,6.20227880859375,-0.3098059892654419,0.0551070012152195,0.5128260254859924
1761389337746288400,6.212288330078125,-0.3098059892654419,0.0551070012152195,0.5128260254859924
1761389337756267500,6.222267578125,-0.29980799555778503,0.038451001048088074,0.5111209750175476
1761389337766277400,6.23227734375,-0.29980799555778503,0.038451001048088074,0.5111209750175476
1761389337776287200,6.242287353515625,-0.3210650086402893,-0.018671000376343727,0.40135401487350464
1761389337786266400,6.252266357421875,-0.3210650086402893,-0.018671000376343727,0.40135401487350464
1761389337796276200,6.262276123046875,-0.343189001083374,-0.12487500160932541,0.15991300344467163
1761389337806285800,6.272285888671875,-0.343189001083374,-0.12487500160932541,0.15991300344467163
1761389337816265200,6.28226513671875,-0.3378030061721802,-0.2516689896583557,-0.14506399631500244
1761389337826275000,6.292275146484375,-0.3378030061721802,-0.2516689896583557,-0.14506399631500244
1761389337836284700,6.30228466796875,-0.29993000626564026,-0.3588379919528961,-0.4073930084705353
1761389337846264000,6.31226416015625,-0.29993000626564026,-0.3588379919528961,-0.4073930084705353
1761389337856273700,6.322273681640625,-0.23054100573062897,-0.4287000000476837,-0.5710960030555725
1761389337866283500,6.332283447265625,-0.23054100573062897,-0.4287000000476837,-0.5710960030555725
1761389337876293000,6.342293212890625,-0.11986599862575531,-0.45760801434516907,-0.6319620013237
1761389337886272500,6.3522724609375,-0.11986599862575531,-0.45760801434516907,-0.6319620013237
1761389337896282400,6.362282470703125,0.042351000010967255,-0.43996599316596985,-0.5941659808158875
1761389337906292000,6.3722919921875,0.042351000010967255,-0.43996599316596985,-0.5941659808158875
1761389337916271400,6.382271240234375,0.2638779878616333,-0.3833889961242676,-0.49685001373291016
1761389337926281000,6.392281005859375,0.2638779878616333,-0.3833889961242676,-0.49685001373291016
1761389337936290800,6.402290771484375,0.5564730167388916,-0.31517699360847473,-0.415026992559433
1761389337946270200,6.412270263671875,0.5564730167388916,-0.31517699360847473,-0.415026992559433
1761389337956279800,6.42227978515625,0.8708329796791077,-0.24033300578594208,-0.31392499804496765
1761389337966289700,6.43228955078125,0.8708329796791077,-0.24033300578594208,-0.31392499804496765
1761389337976268800,6.442268798828125,1.0704489946365356,-0.1586959958076477,-0.10868100076913834
1761389337986278700,6.452278564453125,1.0704489946365356,-0.1586959958076477,-0.10868100076913834
1761389337996288500,6.46228857421875,1.1273419857025146,-0.09640999883413315,0.138031005859375
1761389338006267600,6.472267578125,1.1273419857025146,-0.09640999883413315,0.138031005859375
1761389338016277200,6.48227734375,1.139490008354187,-0.07821699976921082,0.293724000453949
1761389338026287000,6.492287109375,1.139490008354187,-0.07821699976921082,0.293724000453949
1761389338036266200,6.502266357421875,1.1390810012817383,-0.12011399865150452,0.27757400274276733
1761389338046276000,6.512276123046875,1.1390810012817383,-0.12011399865150452,0.27757400274276733
1761389338056286000,6.522285888671875,1.0872100591659546,-0.21217599511146545,0.10932900011539459
1761389338066265000,6.53226513671875,1.0872100591659546,-0.21217599511146545,0.10932900011539459
1761389338076275000,6.54227490234375,0.9488319754600525,-0.31977900862693787,-0.11572600156068802
1761389338086284800,6.552284912109375,0.9488319754600525,-0.31977900862693787,-0.11572600156068802
1761389338096264000,6.562263916015625,0.7273250222206116,-0.4020789861679077,-0.2860510051250458
1761389338106273800,6.572273681640625,0.7273250222206116,-0.4020789861679077,-0.2860510051250458
1761389338116283600,6.58228369140625,0.45969799160957336,-0.42828500270843506,-0.31907200813293457
1761389338126293200,6.592293212890625,0.45969799160957336,-0.42828500270843506,-0.31907200813293457
1761389338136272600,6.602272705078125,0.20837900042533875,-0.40039899945259094,-0.22554199397563934
1761389338146282200,6.6122822265625,0.20837900042533875,-0.40039899945259094,-0.22554199397563934
1761389338156292000,6.6222919921875,0.03883500024676323,-0.3309270143508911,-0.05500999838113785
1761389338166271200,6.632271240234375,0.03883500024676323,-0.3309270143508911,-0.05500999838113785
1761389338176281000,6.642281005859375,-0.02501099929213524,-0.22712400555610657,0.16303400695323944
1761389338186291000,6.652291015625,-0.02501099929213524,-0.22712400555610657,0.16303400695323944
1761389338196270000,6.66227001953125,-0.018611999228596687,-0.10272999852895737,0.4026789963245392
1761389338206280000,6.672280029296875,-0.018611999228596687,-0.10272999852895737,0.4026789963245392
1761389338216289500,6.68228955078125,0.014562999829649925,0.02606000006198883,0.635453999042511
1761389338226269000,6.69226904296875,0.014562999829649925,0.02606000006198883,0.635453999042511
1761389338236278500,6.702278564453125,0.05624999850988388,0.14329400658607483,0.826973021030426
1761389338246288400,6.712288330078125,0.05624999850988388,0.14329400658607483,0.826973021030426
1761389338256267800,6.722267822265625,0.11132699996232986,0.23199400305747986,0.9386799931526184
1761389338266277400,6.73227734375,0.11132699996232986,0.23199400305747986,0.9386799931526184
1761389338276287200,6.742287353515625,0.18885299563407898,0.2630009949207306,0.9110230207443237
1761389338286266400,6.752266357421875,0.18885299563407898,0.2630009949207306,0.9110230207443237
1761389338296276200,6.762276123046875,0.2674199938774109,0.20534899830818176,0.6921489834785461
1761389338306286000,6.7722861328125,0.2674199938774109,0.20534899830818176,0.6921489834785461
1761389338316265200,6.78226513671875,0.3121039867401123,0.07269100099802017,0.3266040086746216
1761389338326275000,6.792275146484375,0.3121039867401123,0.07269100099802017,0.3266040086746216
1761389338336285000,6.802284912109375,0.29224100708961487,-0.07605600357055664,-0.05888599902391434
1761389338346264000,6.81226416015625,0.29224100708961487,-0.07605600357055664,-0.05888599902391434
1761389338356273700,6.822273681640625,0.1987220048904419,-0.1893250048160553,-0.36604899168014526
1761389338366283500,6.832283447265625,0.1987220048904419,-0.1893250048160553,-0.36604899168014526
1761389338376293400,6.84229345703125,0.04949700087308884,-0.25359800457954407,-0.5728099942207336
1761389338386272500,6.8522724609375,0.04949700087308884,-0.25359800457954407,-0.5728099942207336
1761389338396282400,6.862282470703125,-0.11203700304031372,-0.27988898754119873,-0.6982150077819824
1761389338406292200,6.872292236328125,-0.11203700304031372,-0.27988898754119873,-0.6982150077819824
1761389338416271400,6.882271240234375,-0.2335750013589859,-0.2789449989795685,-0.7549319863319397
1761389338426281200,6.89228125,-0.2335750013589859,-0.2789449989795685,-0.7549319863319397
1761389338436290800,6.902290771484375,-0.3085399866104126,-0.2557640075683594,-0.7429640293121338
1761389338446270200,6.912270263671875,-0.3085399866104126,-0.2557640075683594,-0.7429640293121338
1761389338456279800,6.92227978515625,-0.37615498900413513,-0.20395900309085846,-0.6384609937667847
1761389338466289700,6.93228955078125,-0.37615498900413513,-0.20395900309085846,-0.6384609937667847
1761389338476268800,6.942268798828125,-0.48887500166893005,-0.11726000159978867,-0.4160749912261963
1761389338486278700,6.952278564453125,-0.48887500166893005,-0.11726000159978867,-0.4160749912261963
1761389338496288500,6.96228857421875,-0.6270099878311157,0.0008099999977275729,-0.09664399921894073
1761389338506267600,6.972267578125,-0.6270099878311157,0.0008099999977275729,-0.09664399921894073
1761389338516277500,6.982277587890625,-0.6918669939041138,0.12813499569892883,0.22609399259090424
1761389338526287000,6.992287109375,-0.6918669939041138,0.12813499569892883,0.22609399259090424
1761389338536266500,7.0022666015625,-0.6401249766349792,0.22142399847507477,0.43052101135253906
1761389338546276000,7.012276123046875,-0.6401249766349792,0.22142399847507477,0.43052101135253906
1761389338556286000,7.022285888671875,-0.5207369923591614,0.258556991815567,0.48233601450920105
1761389338566265300,7.032265380859375,-0.5207369923591614,0.258556991815567,0.48233601450920105
1761389338576275000,7.04227490234375,-0.3995940089225769,0.24340200424194336,0.4117389917373657
1761389338586284800,7.052284912109375,-0.3995940089225769,0.24340200424194336,0.4117389917373657
1761389338596264000,7.062263916015625,-0.3004460036754608,0.19880999624729156,0.2686539888381958
1761389338606273800,7.072273681640625,-0.3004460036754608,0.19880999624729156,0.2686539888381958
1761389338616283600,7.08228369140625,-0.22373099625110626,0.15201100707054138,0.1065249964594841
1761389338626293200,7.092293212890625,-0.22373099625110626,0.15201100707054138,0.1065249964594841
1761389338636272600,7.102272705078125,-0.17194999754428864,0.11683399975299835,-0.029557999223470688
1761389338646282200,7.1122822265625,-0.17194999754428864,0.11683399975299835,-0.029557999223470688
1761389338656292000,7.1222919921875,-0.1461459994316101,0.10413499921560287,-0.08375299721956253
1761389338666271200,7.132271240234375,-0.1461459994316101,0.10413499921560287,-0.08375299721956253
1761389338676281000,7.142281005859375,-0.1426749974489212,0.11899899691343307,-0.021528000012040138
1761389338686291000,7.152291015625,-0.1426749974489212,0.11899899691343307,-0.021528000012040138
1761389338696270000,7.16227001953125,-0.14990900456905365,0.16023699939250946,0.1521269977092743
1761389338706280000,7.172280029296875,-0.14990900456905365,0.16023699939250946,0.1521269977092743
1761389338716289800,7.182289794921875,-0.15598200261592865,0.21485799551010132,0.38610801100730896
1761389338726269000,7.19226904296875,-0.15598200261592865,0.21485799551010132,0.38610801100730896
1761389338736278800,7.20227880859375,-0.15249499678611755,0.2624489963054657,0.6043859720230103
1761389338746288400,7.212288330078125,-0.15249499678611755,0.2624489963054657,0.6043859720230103
1761389338756267800,7.222267822265625,-0.13383600115776062,0.2988089919090271,0.7677010297775269
1761389338766277400,7.23227734375,-0.13383600115776062,0.2988089919090271,0.7677010297775269
1761389338776287200,7.242287353515625,-0.09648200124502182,0.33864399790763855,0.8929870128631592
1761389338786266400,7.252266357421875,-0.09648200124502182,0.33864399790763855,0.8929870128631592
1761389338796276200,7.262276123046875,-0.04056999832391739,0.39034101366996765,1.0015339851379395
1761389338806285800,7.272285888671875,-0.04056999832391739,0.39034101366996765,1.0015339851379395
1761389338816265200,7.28226513671875,0.020313000306487083,0.4243060052394867,1.0425000190734863
1761389338826275000,7.292275146484375,0.020313000306487083,0.4243060052394867,1.0425000190734863
1761389338836284700,7.30228466796875,0.05866499990224838,0.3877449929714203,0.9214529991149902
1761389338846264000,7.31226416015625,0.05866499990224838,0.3877449929714203,0.9214529991149902
1761389338856273700,7.322273681640625,0.05426099896430969,0.26465800404548645,0.6194999814033508
1761389338866283500,7.332283447265625,0.05426099896430969,0.26465800404548645,0.6194999814033508
1761389338876293400,7.34229345703125,0.021212000399827957,0.0999239981174469,0.2345450073480606
1761389338886272500,7.3522724609375,0.021212000399827957,0.0999239981174469,0.2345450073480606
1761389338896282400,7.362282470703125,0.005348000209778547,-0.04712900146842003,-0.11265700310468674
1761389338906292000,7.3722919921875,0.005348000209778547,-0.04712900146842003,-0.11265700310468674
1761389338916271400,7.382271240234375,0.04362199828028679,-0.14871999621391296,-0.3657029867172241
1761389338926281000,7.392281005859375,0.04362199828028679,-0.14871999621391296,-0.3657029867172241
1761389338936290800,7.402290771484375,0.13504700362682343,-0.20510199666023254,-0.5209879875183105
1761389338946270200,7.412270263671875,0.13504700362682343,-0.20510199666023254,-0.5209879875183105
1761389338956279800,7.42227978515625,0.25913599133491516,-0.2244500070810318,-0.5902079939842224
1761389338966289700,7.43228955078125,0.25913599133491516,-0.2244500070810318,-0.5902079939842224
1761389338976268800,7.442268798828125,0.37875300645828247,-0.2285580039024353,-0.6177539825439453
1761389338986278700,7.452278564453125,0.37875300645828247,-0.2285580039024353,-0.6177539825439453
1761389338996288300,7.462288330078125,0.42102399468421936,-0.27105599641799927,-0.7241610288619995
1761389339006267600,7.472267578125,0.42102399468421936,-0.27105599641799927,-0.7241610288619995
1761389339016277200,7.48227734375,0.31745898723602295,-0.3690609931945801,-0.9504209756851196
1761389339026287000,7.492287109375,0.31745898723602295,-0.3690609931945801,-0.9504209756851196
1761389339036266200,7.502266357421875,0.13482800126075745,-0.4463919997215271,-1.1224730014801025
1761389339046276000,7.512276123046875,0.13482800126075745,-0.4463919997215271,-1.1224730014801025
1761389339056286000,7.522285888671875,0.041804999113082886,-0.4354409873485565,-1.089229941368103
1761389339066265000,7.53226513671875,0.041804999113082886,-0.4354409873485565,-1.089229941368103
1761389339076275000,7.54227490234375,0.09584099799394608,-0.3546440005302429,-0.9004020094871521
1761389339086284800,7.552284912109375,0.09584099799394608,-0.3546440005302429,-0.9004020094871521
1761389339096264000,7.562263916015625,0.211775004863739,-0.25804200768470764,-0.6718369722366333
1761389339106273800,7.572273681640625,0.211775004863739,-0.25804200768470764,-0.6718369722366333
1761389339116283600,7.58228369140625,0.2901709973812103,-0.1797730028629303,-0.46482300758361816
1761389339126293200,7.592293212890625,0.2901709973812103,-0.1797730028629303,-0.46482300758361816
1761389339136272600,7.602272705078125,0.31480300426483154,-0.12892399728298187,-0.29762500524520874
1761389339146282200,7.6122822265625,0.31480300426483154,-0.12892399728298187,-0.29762500524520874
1761389339156292000,7.6222919921875,0.3199610114097595,-0.10419999808073044,-0.17990100383758545
1761389339166271200,7.632271240234375,0.3199610114097595,-0.10419999808073044,-0.17990100383758545
1761389339176281000,7.642281005859375,0.3030889928340912,-0.09648799896240234,-0.09971199929714203
1761389339186291000,7.652291015625,0.3030889928340912,-0.09648799896240234,-0.09971199929714203
1761389339196270000,7.66227001953125,0.2285429984331131,-0.09009599685668945,-0.01861399970948696
1761389339206280000,7.672280029296875,0.2285429984331131,-0.09009599685668945,-0.01861399970948696
1761389339216289800,7.682289794921875,0.08592499792575836,-0.07209400087594986,0.09274400025606155
1761389339226269000,7.69226904296875,0.08592499792575836,-0.07209400087594986,0.09274400025606155
1761389339236278500,7.702278564453125,-0.07497099786996841,-0.03769899904727936,0.2340030074119568
1761389339246288400,7.712288330078125,-0.07497099786996841,-0.03769899904727936,0.2340030074119568
1761389339256267800,7.722267822265625,-0.19048500061035156,0.00671500014141202,0.3848229944705963
1761389339266277600,7.732277587890625,-0.19048500061035156,0.00671500014141202,0.3848229944705963
1761389339276287200,7.742287353515625,-0.2351280003786087,0.05212400108575821,0.5346599817276001
1761389339286266600,7.7522666015625,-0.2351280003786087,0.05212400108575821,0.5346599817276001
1761389339296276200,7.762276123046875,-0.2087869942188263,0.10005000233650208,0.6921929717063904
1761389339306286000,7.7722861328125,-0.2087869942188263,0.10005000233650208,0.6921929717063904
1761389339316265200,7.78226513671875,-0.1256749927997589,0.15636999905109406,0.8557980060577393
1761389339326275000,7.792275146484375,-0.1256749927997589,0.15636999905109406,0.8557980060577393
1761389339336285000,7.802284912109375,-0.012773999944329262,0.21789200603961945,0.9979280233383179
1761389339346264000,7.81226416015625,-0.012773999944329262,0.21789200603961945,0.9979280233383179
1761389339356274000,7.82227392578125,0.09840500354766846,0.2602890133857727,1.0634020566940308
1761389339366283500,7.832283447265625,0.09840500354766846,0.2602890133857727,1.0634020566940308
1761389339376293400,7.84229345703125,0.18760700523853302,0.23885899782180786,0.9702669978141785
1761389339386272500,7.8522724609375,0.18760700523853302,0.23885899782180786,0.9702669978141785
1761389339396282400,7.862282470703125,0.2419860064983368,0.12426599860191345,0.673354983329773
1761389339406292200,7.872292236328125,0.2419860064983368,0.12426599860191345,0.673354983329773
1761389339416271400,7.882271240234375,0.2591859996318817,-0.055897001177072525,0.2414029985666275
1761389339426281200,7.89228125,0.2591859996318817,-0.055897001177072525,0.2414029985666275
1761389339436290800,7.902290771484375,0.2623179852962494,-0.23409099876880646,-0.18800599873065948
1761389339446270200,7.912270263671875,0.2623179852962494,-0.23409099876880646,-0.18800599873065948
1761389339456279800,7.92227978515625,0.27621299028396606,-0.3629879951477051,-0.5244110226631165
1761389339466289700,7.93228955078125,0.27621299028396606,-0.3629879951477051,-0.5244110226631165
1761389339476268800,7.942268798828125,0.3072820007801056,-0.4392800033092499,-0.763729989528656
1761389339486278700,7.952278564453125,0.3072820007801056,-0.4392800033092499,-0.763729989528656
1761389339496288500,7.96228857421875,0.3581089973449707,-0.4805630147457123,-0.9382519721984863
1761389339506267600,7.972267578125,0.3581089973449707,-0.4805630147457123,-0.9382519721984863
1761389339516277500,7.982277587890625,0.4160340130329132,-0.49946698546409607,-1.0632870197296143
1761389339526287400,7.992287353515625,0.4160340130329132,-0.49946698546409607,-1.0632870197296143
1761389339536266500,8.0022666015625,0.3941250145435333,-0.4987179934978485,-1.120985984802246
1761389339546276400,8.0122763671875,0.3941250145435333,-0.4987179934978485,-1.120985984802246
1761389339556286000,8.022285888671876,0.1767120063304901,-0.4854080080986023,-1.0941959619522095
1761389339566265300,8.032265380859375,0.1767120063304901,-0.4854080080986023,-1.0941959619522095
1761389339576275000,8.04227490234375,-0.1664379984140396,-0.458965003490448,-0.9880489706993103
1761389339586284800,8.052284912109375,-0.1664379984140396,-0.458965003490448,-0.9880489706993103
1761389339596264200,8.06226416015625,-0.39896899461746216,-0.4030340015888214,-0.8299599885940552
1761389339606273800,8.072273681640626,-0.39896899461746216,-0.4030340015888214,-0.8299599885940552
1761389339616283600,8.08228369140625,-0.42596301436424255,-0.3074119985103607,-0.6392880082130432
1761389339626293200,8.092293212890626,-0.42596301436424255,-0.3074119985103607,-0.6392880082130432
1761389339636272600,8.102272705078125,-0.3463610112667084,-0.18377600610256195,-0.42539799213409424
1761389339646282200,8.1122822265625,-0.3463610112667084,-0.18377600610256195,-0.42539799213409424
1761389339656292000,8.1222919921875,-0.26496800780296326,-0.06779699772596359,-0.24037300050258636
1761389339666271200,8.132271240234376,-0.26496800780296326,-0.06779699772596359,-0.24037300050258636
1761389339676281000,8.142281005859376,-0.2204670011997223,0.004145999904721975,-0.14865800738334656
1761389339686291000,8.152291015625,-0.2204670011997223,0.004145999904721975,-0.14865800738334656
1761389339696270000,8.16227001953125,-0.2208549976348877,0.02369000017642975,-0.1481979936361313
1761389339706280000,8.172280029296875,-0.2208549976348877,0.02369000017642975,-0.1481979936361313
1761389339716289500,8.18228955078125,-0.259784996509552,0.014291999861598015,-0.16487400233745575
1761389339726269000,8.19226904296875,-0.259784996509552,0.014291999861598015,-0.16487400233745575
1761389339736278500,8.202278564453126,-0.30736100673675537,0.006616000086069107,-0.13054600358009338
1761389339746288400,8.212288330078126,-0.30736100673675537,0.006616000086069107,-0.13054600358009338
1761389339756267800,8.222267822265625,-0.32621699571609497,0.016228999942541122,-0.03569699823856354
1761389339766277400,8.23227734375,-0.32621699571609497,0.016228999942541122,-0.03569699823856354
1761389339776287200,8.242287353515625,-0.3044010102748871,0.04062800109386444,0.08818499743938446
1761389339786266400,8.252266357421876,-0.3044010102748871,0.04062800109386444,0.08818499743938446
1761389339796276200,8.262276123046876,-0.257207989692688,0.07119999825954437,0.2129029929637909
1761389339806286000,8.2722861328125,-0.257207989692688,0.07119999825954437,0.2129029929637909
1761389339816265200,8.28226513671875,-0.19661499559879303,0.1048860028386116,0.33022499084472656
1761389339826275000,8.292275146484375,-0.19661499559879303,0.1048860028386116,0.33022499084472656
1761389339836284700,8.30228466796875,-0.1235629990696907,0.14541800320148468,0.4454140067100525
1761389339846264000,8.31226416015625,-0.1235629990696907,0.14541800320148468,0.4454140067100525
1761389339856273700,8.322273681640626,-0.043591998517513275,0.19684000313282013,0.5671730041503906
1761389339866283500,8.332283447265626,-0.043591998517513275,0.19684000313282013,0.5671730041503906
1761389339876293000,8.342293212890626,0.033626001328229904,0.25302499532699585,0.6833170056343079
1761389339886272500,8.3522724609375,0.033626001328229904,0.25302499532699585,0.6833170056343079
1761389339896282400,8.362282470703125,0.10459200292825699,0.2969669997692108,0.7535380125045776
1761389339906292000,8.3722919921875,0.10459200292825699,0.2969669997692108,0.7535380125045776
1761389339916271400,8.382271240234376,0.16326799988746643,0.30170801281929016,0.7140740156173706
1761389339926281000,8.392281005859376,0.16326799988746643,0.30170801281929016,0.7140740156173706
1761389339936290800,8.402290771484376,0.19366399943828583,0.24195000529289246,0.5142350196838379
1761389339946270000,8.41227001953125,0.19366399943828583,0.24195000529289246,0.5142350196838379
1761389339956279800,8.42227978515625,0.1882060021162033,0.12370999902486801,0.17970100045204163
1761389339966289700,8.43228955078125,0.1882060021162033,0.12370999902486801,0.17970100045204163
1761389339976268800,8.442268798828126,0.15974900126457214,-0.015789000317454338,-0.20207999646663666
1761389339986278700,8.452278564453126,0.15974900126457214,-0.015789000317454338,-0.20207999646663666
1761389339996288500,8.46228857421875,0.12170600146055222,-0.13779699802398682,-0.5426669716835022
1761389340006267600,8.472267578125,0.12170600146055222,-0.13779699802398682,-0.5426669716835022
1761389340016277500,8.482277587890625,0.06928600370883942,-0.22921699285507202,-0.8068519830703735
1761389340026287000,8.492287109375,0.06928600370883942,-0.22921699285507202,-0.8068519830703735
1761389340036266500,8.5022666015625,-0.017178000882267952,-0.2889750003814697,-0.9745000004768372
1761389340046276000,8.512276123046876,-0.017178000882267952,-0.2889750003814697,-0.9745000004768372
1761389340056286000,8.522285888671876,-0.1331160068511963,-0.2922999858856201,-0.9600970149040222
1761389340066265300,8.532265380859375,-0.1331160068511963,-0.2922999858856201,-0.9600970149040222
1761389340076275000,8.54227490234375,-0.2393369972705841,-0.19930399954319,-0.6489530205726624
1761389340086284800,8.552284912109375,-0.2393369972705841,-0.19930399954319,-0.6489530205726624
1761389340096264000,8.562263916015626,-0.2975730001926422,-0.03217099979519844,-0.13076899945735931
1761389340106273800,8.572273681640626,-0.2975730001926422,-0.03217099979519844,-0.13076899945735931
1761389340116283600,8.58228369140625,-0.30041199922561646,0.11341000348329544,0.2858250141143799
1761389340126293200,8.592293212890626,-0.30041199922561646,0.11341000348329544,0.2858250141143799
1761389340136272600,8.602272705078125,-0.27079299092292786,0.18033599853515625,0.4306719899177551
1761389340146282200,8.6122822265625,-0.27079299092292786,0.18033599853515625,0.4306719899177551
1761389340156292000,8.6222919921875,-0.2273160070180893,0.18367700278759003,0.3620370030403137
1761389340166271200,8.632271240234376,-0.2273160070180893,0.18367700278759003,0.3620370030403137
1761389340176281000,8.642281005859376,-0.18235500156879425,0.15907299518585205,0.19989299774169922
1761389340186291000,8.652291015625,-0.18235500156879425,0.15907299518585205,0.19989299774169922
1761389340196270000,8.66227001953125,-0.14520299434661865,0.12758700549602509,0.01906600035727024
1761389340206280000,8.672280029296875,-0.14520299434661865,0.12758700549602509,0.01906600035727024
1761389340216289800,8.682289794921875,-0.1246500015258789,0.09588400274515152,-0.14399300515651703
1761389340226269000,8.69226904296875,-0.1246500015258789,0.09588400274515152,-0.14399300515651703
1761389340236278800,8.70227880859375,-0.13036799430847168,0.07193499803543091,-0.24800099432468414
1761389340246288400,8.712288330078126,-0.13036799430847168,0.07193499803543091,-0.24800099432468414
1761389340256267500,8.722267578125,-0.16169899702072144,0.06305500119924545,-0.26193100214004517
1761389340266277400,8.73227734375,-0.16169899702072144,0.06305500119924545,-0.26193100214004517
1761389340276287200,8.742287353515625,-0.20766299962997437,0.07315599918365479,-0.1816129982471466
1761389340286266400,8.752266357421876,-0.20766299962997437,0.07315599918365479,-0.1816129982471466
1761389340296276200,8.762276123046876,-0.2517699897289276,0.09716200083494186,-0.04054100066423416
1761389340306285800,8.772285888671876,-0.2517699897289276,0.09716200083494186,-0.04054100066423416
1761389340316265200,8.78226513671875,-0.2868089973926544,0.12115900218486786,0.11238399893045425
1761389340326275000,8.792275146484375,-0.2868089973926544,0.12115900218486786,0.11238399893045425
1761389340336284700,8.80228466796875,-0.3063949942588806,0.13724400103092194,0.25149500370025635
1761389340346264000,8.81226416015625,-0.3063949942588806,0.13724400103092194,0.25149500370025635
1761389340356273700,8.822273681640626,-0.28662899136543274,0.15304699540138245,0.38173699378967285
1761389340366283500,8.832283447265626,-0.28662899136543274,0.15304699540138245,0.38173699378967285
1761389340376293400,8.84229345703125,-0.2009350061416626,0.18233099579811096,0.5121039748191833
1761389340386272500,8.8522724609375,-0.2009350061416626,0.18233099579811096,0.5121039748191833
1761389340396282400,8.862282470703125,-0.05274499952793121,0.22540399432182312,0.6259689927101135
1761389340406292000,8.8722919921875,-0.05274499952793121,0.22540399432182312,0.6259689927101135
1761389340416271400,8.882271240234376,0.11398699879646301,0.26038599014282227,0.6802340149879456
1761389340426281000,8.892281005859376,0.11398699879646301,0.26038599014282227,0.6802340149879456
1761389340436290800,8.902290771484376,0.25250300765037537,0.2536410093307495,0.6179270148277283
1761389340446270200,8.912270263671875,0.25250300765037537,0.2536410093307495,0.6179270148277283
1761389340456279800,8.92227978515625,0.34106001257896423,0.18880599737167358,0.4179460108280182
1761389340466289700,8.93228955078125,0.34106001257896423,0.18880599737167358,0.4179460108280182
1761389340476268800,8.942268798828126,0.3741320073604584,0.08647699654102325,0.13944299519062042
1761389340486278700,8.952278564453126,0.3741320073604584,0.08647699654102325,0.13944299519062042
1761389340496288300,8.962288330078126,0.35670900344848633,-0.01783600077033043,-0.1316249966621399
1761389340506267600,8.972267578125,0.35670900344848633,-0.01783600077033043,-0.1316249966621399
1761389340516277500,8.982277587890625,0.3046729862689972,-0.10606800019741058,-0.3566040098667145
1761389340526287000,8.992287109375,0.3046729862689972,-0.10606800019741058,-0.3566040098667145
1761389340536266200,9.002266357421876,0.23811200261116028,-0.17834000289440155,-0.5403130054473877
1761389340546276000,9.012276123046876,0.23811200261116028,-0.17834000289440155,-0.5403130054473877
1761389340556286000,9.022285888671876,0.18616600334644318,-0.22778600454330444,-0.6720409989356995
1761389340566265300,9.032265380859375,0.18616600334644318,-0.22778600454330444,-0.6720409989356995
1761389340576275000,9.04227490234375,0.17103099822998047,-0.239437997341156,-0.7168790102005005
1761389340586284800,9.052284912109375,0.17103099822998047,-0.239437997341156,-0.7168790102005005
1761389340596264000,9.062263916015626,0.18905000388622284,-0.20816199481487274,-0.6544520258903503
1761389340606273800,9.072273681640626,0.18905000388622284,-0.20816199481487274,-0.6544520258903503
1761389340616283600,9.08228369140625,0.20299099385738373,-0.1518079936504364,-0.5111690163612366
1761389340626293200,9.092293212890626,0.20299099385738373,-0.1518079936504364,-0.5111690163612366
1761389340636272400,9.1022724609375,0.1761000007390976,-0.10178600251674652,-0.35496601462364197
1761389340646282200,9.1122822265625,0.1761000007390976,-0.10178600251674652,-0.35496601462364197
1761389340656292000,9.1222919921875,0.11395499855279922,-0.061824001371860504,-0.2136639952659607
1761389340666271200,9.132271240234376,0.11395499855279922,-0.061824001371860504,-0.2136639952659607
1761389340676281000,9.142281005859376,0.054350998252630234,-0.01093200035393238,-0.03859600052237511
1761389340686291000,9.152291015625,0.054350998252630234,-0.01093200035393238,-0.03859600052237511
1761389340696270000,9.16227001953125,0.018458999693393707,0.061087001115083694,0.18528400361537933
1761389340706280000,9.172280029296875,0.018458999693393707,0.061087001115083694,0.18528400361537933
1761389340716289500,9.18228955078125,-0.0017450000159442425,0.12755100429058075,0.3619779944419861
1761389340726269000,9.19226904296875,-0.0017450000159442425,0.12755100429058075,0.3619779944419861
1761389340736278500,9.202278564453126,-0.031971000134944916,0.14850099384784698,0.3982990086078644
1761389340746288400,9.212288330078126,-0.031971000134944916,0.14850099384784698,0.3982990086078644
1761389340756267800,9.222267822265625,-0.09703399986028671,0.12740400433540344,0.3259589970111847
1761389340766277400,9.23227734375,-0.09703399986028671,0.12740400433540344,0.3259589970111847
1761389340776287200,9.242287353515625,-0.17854300141334534,0.10745999962091446,0.2619369924068451
1761389340786266400,9.252266357421876,-0.17854300141334534,0.10745999962091446,0.2619369924068451
1761389340796276200,9.262276123046876,-0.23625299334526062,0.11750199645757675,0.27122899889945984
1761389340806286000,9.2722861328125,-0.23625299334526062,0.11750199645757675,0.27122899889945984
1761389340816265200,9.28226513671875,-0.24803900718688965,0.14833499491214752,0.3282809853553772
1761389340826275000,9.292275146484375,-0.24803900718688965,0.14833499491214752,0.3282809853553772
1761389340836284700,9.30228466796875,-0.23416399955749512,0.17878299951553345,0.3922309875488281
1761389340846264000,9.31226416015625,-0.23416399955749512,0.17878299951553345,0.3922309875488281
1761389340856273700,9.322273681640626,-0.2180510014295578,0.20198500156402588,0.44857901334762573
1761389340866283500,9.332283447265626,-0.2180510014295578,0.20198500156402588,0.44857901334762573
1761389340876293400,9.34229345703125,-0.19397200644016266,0.22540999948978424,0.5041220188140869
1761389340886272500,9.3522724609375,-0.19397200644016266,0.22540999948978424,0.5041220188140869
1761389340896282400,9.362282470703125,-0.15544100105762482,0.25336700677871704,0.566107988357544
1761389340906292000,9.3722919921875,-0.15544100105762482,0.25336700677871704,0.566107988357544
1761389340916271400,9.382271240234376,-0.11006399989128113,0.284404993057251,0.6389380097389221
1761389340926281000,9.392281005859376,-0.11006399989128113,0.284404993057251,0.6389380097389221
1761389340936290800,9.402290771484376,-0.0726580023765564,0.31262800097465515,0.7126790285110474
1761389340946270200,9.412270263671875,-0.0726580023765564,0.31262800097465515,0.7126790285110474
1761389340956279800,9.42227978515625,-0.04705899953842163,0.31731098890304565,0.7291290163993835
1761389340966289700,9.43228955078125,-0.04705899953842163,0.31731098890304565,0.7291290163993835
1761389340976268800,9.442268798828126,-0.027274999767541885,0.2685979902744293,0.6068900227546692
1761389340986278700,9.452278564453126,-0.027274999767541885,0.2685979902744293,0.6068900227546692
1761389340996288300,9.462288330078126,-0.00979399960488081,0.1587650030851364,0.3283959925174713
1761389341006267600,9.472267578125,-0.00979399960488081,0.1587650030851364,0.3283959925174713
1761389341016277500,9.482277587890625,0.006453999783843756,0.021469000726938248,-0.022495999932289124
1761389341026287000,9.492287109375,0.006453999783843756,0.021469000726938248,-0.022495999932289124
1761389341036266500,9.5022666015625,0.022870000451803207,-0.09952200204133987,-0.34138599038124084
1761389341046276000,9.512276123046876,0.022870000451803207,-0.09952200204133987,-0.34138599038124084
1761389341056286000,9.522285888671876,0.04703100025653839,-0.1866620033979416,-0.5862299799919128
1761389341066265300,9.532265380859375,0.04703100025653839,-0.1866620033979416,-0.5862299799919128
1761389341076275000,9.54227490234375,0.0875290036201477,-0.23586399853229523,-0.7435370087623596
1761389341086284800,9.552284912109375,0.0875290036201477,-0.23586399853229523,-0.7435370087623596
1761389341096264000,9.562263916015626,0.13364200294017792,-0.23970000445842743,-0.782837986946106
1761389341106273800,9.572273681640626,0.13364200294017792,-0.23970000445842743,-0.782837986946106
1761389341116283400,9.582283447265626,0.14774300158023834,-0.20283100008964539,-0.6987670063972473
1761389341126293200,9.592293212890626,0.14774300158023834,-0.20283100008964539,-0.6987670063972473
1761389341136272400,9.6022724609375,0.11051599681377411,-0.15570299327373505,-0.5674139857292175
1761389341146282200,9.6122822265625,0.11051599681377411,-0.15570299327373505,-0.5674139857292175
1761389341156292000,9.6222919921875,0.07323399931192398,-0.12536999583244324,-0.48238900303840637
1761389341166271200,9.632271240234376,0.07323399931192398,-0.12536999583244324,-0.48238900303840637
1761389341176281000,9.642281005859376,0.09292200207710266,-0.08462399989366531,-0.3858160078525543
1761389341186290700,9.652290771484376,0.09292200207710266,-0.08462399989366531,-0.3858160078525543
1761389341196270000,9.66227001953125,0.1197040006518364,0.0007019999902695417,-0.1704999953508377
1761389341206280000,9.672280029296875,0.1197040006518364,0.0007019999902695417,-0.1704999953508377
1761389341216289800,9.682289794921875,0.07050299644470215,0.11208900064229965,0.12023299932479858
1761389341226269000,9.69226904296875,0.07050299644470215,0.11208900064229965,0.12023299932479858
1761389341236278800,9.70227880859375,-0.03349699825048447,0.20911000669002533,0.35521599650382996
1761389341246288400,9.712288330078126,-0.03349699825048447,0.20911000669002533,0.35521599650382996
1761389341256267500,9.722267578125,-0.10578099638223648,0.254613995552063,0.4232479929924011
1761389341266277400,9.73227734375,-0.10578099638223648,0.254613995552063,0.4232479929924011
1761389341276287200,9.742287353515625,-0.12438300251960754,0.23946699500083923,0.3266499936580658
1761389341286266400,9.752266357421876,-0.12438300251960754,0.23946699500083923,0.3266499936580658
1761389341296276200,9.762276123046876,-0.1545030027627945,0.19268199801445007,0.1795479953289032
1761389341306285800,9.772285888671876,-0.1545030027627945,0.19268199801445007,0.1795479953289032
1761389341316265200,9.78226513671875,-0.233255997300148,0.15823200345039368,0.10820099711418152
1761389341326275000,9.792275146484375,-0.233255997300148,0.15823200345039368,0.10820099711418152
1761389341336285000,9.802284912109375,-0.318668007850647,0.16253900527954102,0.17524799704551697
1761389341346264000,9.81226416015625,-0.318668007850647,0.16253900527954102,0.17524799704551697
1761389341356274000,9.82227392578125,-0.3619700074195862,0.19655199348926544,0.354000985622406
1761389341366283500,9.832283447265626,-0.3619700074195862,0.19655199348926544,0.354000985622406
1761389341376293400,9.84229345703125,-0.36622899770736694,0.24117900431156158,0.5921930074691772
1761389341386272500,9.8522724609375,-0.36622899770736694,0.24117900431156158,0.5921930074691772
1761389341396282400,9.862282470703125,-0.36305201053619385,0.29597100615501404,0.8658959865570068
1761389341406292200,9.872292236328125,-0.36305201053619385,0.29597100615501404,0.8658959865570068
1761389341416271400,9.882271240234376,-0.3659070134162903,0.3709079921245575,1.1599090099334717
1761389341426281200,9.89228125,-0.3659070134162903,0.3709079921245575,1.1599090099334717
1761389341436290800,9.902290771484376,-0.35665199160575867,0.4636540114879608,1.4405009746551514
1761389341446270200,9.912270263671875,-0.35665199160575867,0.4636540114879608,1.4405009746551514
1761389341456279800,9.92227978515625,-0.30387499928474426,0.5425369739532471,1.6289180517196655
1761389341466289700,9.93228955078125,-0.30387499928474426,0.5425369739532471,1.6289180517196655
1761389341476268800,9.942268798828126,-0.20334599912166595,0.544530987739563,1.6016470193862915
1761389341486278700,9.952278564453126,-0.20334599912166595,0.544530987739563,1.6016470193862915
1761389341496288500,9.96228857421875,-0.09673000127077103,0.41654399037361145,1.280485987663269
1761389341506267600,9.972267578125,-0.09673000127077103,0.41654399037361145,1.280485987663269
1761389341516277500,9.982277587890625,-0.01906299963593483,0.18256600201129913,0.7520250082015991
1761389341526287400,9.992287353515625,-0.01906299963593483,0.18256600201129913,0.7520250082015991
1761389341536266500,10.0022666015625,0.048225000500679016,-0.06499999761581421,0.21611200273036957
1761389341546276400,10.0122763671875,0.048225000500679016,-0.06499999761581421,0.21611200273036957
1761389341556286000,10.022285888671876,0.12976500391960144,-0.25429099798202515,-0.19207799434661865
1761389341566265300,10.032265380859375,0.12976500391960144,-0.25429099798202515,-0.19207799434661865
1761389341576275000,10.04227490234375,0.20719900727272034,-0.37105000019073486,-0.45158201456069946
1761389341586284800,10.052284912109375,0.20719900727272034,-0.37105000019073486,-0.45158201456069946
1761389341596264200,10.06226416015625,0.25904199481010437,-0.4279159903526306,-0.5854790210723877
1761389341606273800,10.072273681640626,0.25904199481010437,-0.4279159903526306,-0.5854790210723877
1761389341616283600,10.08228369140625,0.31172698736190796,-0.4435420036315918,-0.6287680268287659
1761389341626293200,10.092293212890626,0.31172698736190796,-0.4435420036315918,-0.6287680268287659
1761389341636272600,10.102272705078125,0.3959459960460663,-0.43529900908470154,-0.6215919852256775
1761389341646282200,10.1122822265625,0.3959459960460663,-0.43529900908470154,-0.6215919852256775
1761389341656292000,10.1222919921875,0.480226993560791,-0.4247629940509796,-0.6119850277900696
1761389341666271200,10.132271240234376,0.480226993560791,-0.4247629940509796,-0.6119850277900696
1761389341676281000,10.142281005859376,0.48601800203323364,-0.4269619882106781,-0.6275799870491028
1761389341686291000,10.152291015625,0.48601800203323364,-0.4269619882106781,-0.6275799870491028
1761389341696270000,10.16227001953125,0.39354801177978516,-0.43645501136779785,-0.6534519791603088
1761389341706280000,10.172280029296875,0.39354801177978516,-0.43645501136779785,-0.6534519791603088
1761389341716289800,10.182289794921875,0.29207998514175415,-0.4363679885864258,-0.6585190296173096
1761389341726269000,10.19226904296875,0.29207998514175415,-0.4363679885864258,-0.6585190296173096
1761389341736278800,10.20227880859375,0.23816199600696564,-0.4304859936237335,-0.6613640189170837
1761389341746288400,10.212288330078126,0.23816199600696564,-0.4304859936237335,-0.6613640189170837
1761389341756267800,10.222267822265625,0.19427800178527832,-0.4164789915084839,-0.6530519723892212
1761389341766277400,10.23227734375,0.19427800178527832,-0.4164789915084839,-0.6530519723892212
1761389341776287200,10.242287353515625,0.12784799933433533,-0.3688980042934418,-0.5695589780807495
1761389341786266400,10.252266357421876,0.12784799933433533,-0.3688980042934418,-0.5695589780807495
1761389341796276200,10.262276123046876,0.041499000042676926,-0.29702600836753845,-0.4433180093765259
1761389341806286000,10.2722861328125,0.041499000042676926,-0.29702600836753845,-0.4433180093765259
1761389341816265200,10.28226513671875,-0.03772899881005287,-0.22434499859809875,-0.3427540063858032
1761389341826275000,10.292275146484375,-0.03772899881005287,-0.22434499859809875,-0.3427540063858032
1761389341836285000,10.302284912109375,-0.0933070033788681,-0.15405699610710144,-0.2693839967250824
1761389341846264000,10.31226416015625,-0.0933070033788681,-0.15405699610710144,-0.2693839967250824
1761389341856274000,10.32227392578125,-0.13670800626277924,-0.07446900010108948,-0.1675329953432083
1761389341866283500,10.332283447265626,-0.13670800626277924,-0.07446900010108948,-0.1675329953432083
1761389341876293400,10.34229345703125,-0.17999200522899628,0.018043000251054764,-0.0036140000447630882
1761389341886272500,10.3522724609375,-0.17999200522899628,0.018043000251054764,-0.0036140000447630882
1761389341896282400,10.362282470703125,-0.22796300053596497,0.10878100246191025,0.19143100082874298
1761389341906292200,10.372292236328125,-0.22796300053596497,0.10878100246191025,0.19143100082874298
1761389341916271400,10.382271240234376,-0.26527899503707886,0.19001300632953644,0.3875960111618042
1761389341926281200,10.39228125,-0.26527899503707886,0.19001300632953644,0.3875960111618042
1761389341936290800,10.402290771484376,-0.27035099267959595,0.26661399006843567,0.5814999938011169
1761389341946270200,10.412270263671875,-0.27035099267959595,0.26661399006843567,0.5814999938011169
1761389341956280000,10.422280029296875,-0.23333300650119781,0.3422490060329437,0.7733110189437866
1761389341966289700,10.43228955078125,-0.23333300650119781,0.3422490060329437,0.7733110189437866
1761389341976269000,10.44226904296875,-0.1435219943523407,0.4176659882068634,0.9601619839668274
1761389341986278700,10.452278564453126,-0.1435219943523407,0.4176659882068634,0.9601619839668274
1761389341996288500,10.46228857421875,-0.002380999969318509,0.4908750057220459,1.1318360567092896
1761389342006267600,10.472267578125,-0.002380999969318509,0.4908750057220459,1.1318360567092896
1761389342016277500,10.482277587890625,0.15826599299907684,0.5521640181541443,1.2595800161361694
1761389342026287000,10.492287109375,0.15826599299907684,0.5521640181541443,1.2595800161361694
1761389342036266500,10.5022666015625,0.2937059998512268,0.5764570236206055,1.2847100496292114
1761389342046276000,10.512276123046876,0.2937059998512268,0.5764570236206055,1.2847100496292114
1761389342056286000,10.522285888671876,0.3689750134944916,0.5291380286216736,1.1423369646072388
1761389342066265300,10.532265380859375,0.3689750134944916,0.5291380286216736,1.1423369646072388
1761389342076275000,10.54227490234375,0.3694100081920624,0.40105700492858887,0.8329489827156067
1761389342086284800,10.552284912109375,0.3694100081920624,0.40105700492858887,0.8329489827156067
1761389342096264000,10.562263916015626,0.30563199520111084,0.2301180064678192,0.4487130045890808
1761389342106273800,10.572273681640626,0.30563199520111084,0.2301180064678192,0.4487130045890808
1761389342116283600,10.58228369140625,0.21067599952220917,0.07356999814510345,0.10723400115966797
1761389342126293200,10.592293212890626,0.21067599952220917,0.07356999814510345,0.10723400115966797
1761389342136272600,10.602272705078125,0.12424500286579132,-0.03601200133562088,-0.12839099764823914
1761389342146282200,10.6122822265625,0.12424500286579132,-0.03601200133562088,-0.12839099764823914
1761389342156292000,10.6222919921875,0.07094699889421463,-0.09392599761486053,-0.2505300045013428
1761389342166271200,10.632271240234376,0.07094699889421463,-0.09392599761486053,-0.2505300045013428
1761389342176281000,10.642281005859376,0.08309700340032578,-0.09181299805641174,-0.24253399670124054
1761389342186291000,10.652291015625,0.08309700340032578,-0.09181299805641174,-0.24253399670124054
1761389342196270000,10.66227001953125,0.19732199609279633,-0.025606000795960426,-0.09688299894332886
1761389342206280000,10.672280029296875,0.19732199609279633,-0.025606000795960426,-0.09688299894332886
1761389342216289800,10.682289794921875,0.36020100116729736,0.04121999815106392,0.04909000173211098
1761389342226269000,10.69226904296875,0.36020100116729736,0.04121999815106392,0.04909000173211098
1761389342236278800,10.70227880859375,0.38304901123046875,-0.0365150012075901,-0.12505300343036652
1761389342246288400,10.712288330078126,0.38304901123046875,-0.0365150012075901,-0.12505300343036652
1761389342256267500,10.722267578125,0.13009299337863922,-0.2802189886569977,-0.7025009989738464
1761389342266277400,10.73227734375,0.13009299337863922,-0.2802189886569977,-0.7025009989738464
1761389342276287200,10.742287353515625,-0.2574799954891205,-0.5038059949874878,-1.3084169626235962
1761389342286266400,10.752266357421876,-0.2574799954891205,-0.5038059949874878,-1.3084169626235962
1761389342296276200,10.762276123046876,-0.5418530106544495,-0.5705689787864685,-1.6073169708251953
1761389342306285800,10.772285888671876,-0.5418530106544495,-0.5705689787864685,-1.6073169708251953
1761389342316265200,10.78226513671875,-0.6545190215110779,-0.5063819885253906,-1.6023800373077393
1761389342326275000,10.792275146484375,-0.6545190215110779,-0.5063819885253906,-1.6023800373077393
1761389342336284700,10.80228466796875,-0.6435980200767517,-0.38542699813842773,-1.440721035003662
1761389342346264000,10.81226416015625,-0.6435980200767517,-0.38542699813842773,-1.440721035003662
1761389342356273700,10.822273681640626,-0.5646070241928101,-0.25192001461982727,-1.2207649946212769
1761389342366283500,10.832283447265626,-0.5646070241928101,-0.25192001461982727,-1.2207649946212769
1761389342376293400,10.84229345703125,-0.45217400789260864,-0.1191129982471466,-0.9676399827003479
1761389342386272500,10.8522724609375,-0.45217400789260864,-0.1191129982471466,-0.9676399827003479
1761389342396282400,10.862282470703125,-0.3316519856452942,0.007406999822705984,-0.6896679997444153
1761389342406292000,10.8722919921875,-0.3316519856452942,0.007406999822705984,-0.6896679997444153
1761389342416271400,10.882271240234376,-0.24011799693107605,0.12071599811315536,-0.4046989977359772
1761389342426281000,10.892281005859376,-0.24011799693107605,0.12071599811315536,-0.4046989977359772
1761389342436290800,10.902290771484376,-0.19892099499702454,0.21748100221157074,-0.12761099636554718
1761389342446270200,10.912270263671875,-0.19892099499702454,0.21748100221157074,-0.12761099636554718
1761389342456279800,10.92227978515625,-0.19877800345420837,0.3003210127353668,0.13488200306892395
1761389342466289700,10.93228955078125,-0.19877800345420837,0.3003210127353668,0.13488200306892395
1761389342476268800,10.942268798828126,-0.21884499490261078,0.37652599811553955,0.3886930048465729
1761389342486278700,10.952278564453126,-0.21884499490261078,0.37652599811553955,0.3886930048465729
1761389342496288300,10.962288330078126,-0.2423669993877411,0.44798800349235535,0.632148027420044
1761389342506267600,10.972267578125,-0.2423669993877411,0.44798800349235535,0.632148027420044
1761389342516277200,10.98227734375,-0.2616739869117737,0.5027570128440857,0.83235102891922
1761389342526287000,10.992287109375,-0.2616739869117737,0.5027570128440857,0.83235102891922
1761389342536266200,11.002266357421876,-0.27097299695014954,0.5199559926986694,0.9363999962806702
1761389342546276000,11.012276123046876,-0.27097299695014954,0.5199559926986694,0.9363999962806702
1761389342556286000,11.022285888671876,-0.2646839916706085,0.484499990940094,0.9078310132026672
1761389342566265000,11.03226513671875,-0.2646839916706085,0.484499990940094,0.9078310132026672
1761389342576275000,11.04227490234375,-0.2386379987001419,0.39765098690986633,0.7531729936599731
1761389342586284800,11.052284912109375,-0.2386379987001419,0.39765098690986633,0.7531729936599731
1761389342596264000,11.062263916015626,-0.1932470053434372,0.2786470055580139,0.5230680108070374
1761389342606273800,11.072273681640626,-0.1932470053434372,0.2786470055580139,0.5230680108070374
1761389342626293200,11.092293212890626,-0.13753899931907654,0.15262000262737274,0.28200098872184753
1761389342636272400,11.1022724609375,-0.08752699941396713,0.038095999509096146,0.07389900088310242
1761389342646282200,11.1122822265625,-0.08752699941396713,0.038095999509096146,0.07389900088310242
1761389342656292000,11.1222919921875,-0.05478199943900108,-0.056154001504182816,-0.0804629996418953
1761389342666271200,11.132271240234376,-0.05478199943900108,-0.056154001504182816,-0.0804629996418953
1761389342676281000,11.142281005859376,-0.037108998745679855,-0.13183799386024475,-0.18327100574970245
1761389342686290700,11.152290771484376,-0.037108998745679855,-0.13183799386024475,-0.18327100574970245
1761389342696270000,11.16227001953125,-0.02625099942088127,-0.18732500076293945,-0.23545800149440765
1761389342706280000,11.172280029296875,-0.02625099942088127,-0.18732500076293945,-0.23545800149440765
1761389342716289500,11.18228955078125,-0.00674099987372756,-0.2118149995803833,-0.22109200060367584
1761389342726269000,11.19226904296875,-0.00674099987372756,-0.2118149995803833,-0.22109200060367584
1761389342736278500,11.202278564453126,0.0410120002925396,-0.2106180042028427,-0.16133899986743927
1761389342746288400,11.212288330078126,0.0410120002925396,-0.2106180042028427,-0.16133899986743927
1761389342756267500,11.222267578125,0.12076900154352188,-0.22680799663066864,-0.16132499277591705
1761389342766277400,11.23227734375,0.12076900154352188,-0.22680799663066864,-0.16132499277591705
1761389342776287000,11.242286865234375,0.23759199678897858,-0.2536050081253052,-0.19068199396133423
1761389342786266400,11.252266357421876,0.23759199678897858,-0.2536050081253052,-0.19068199396133423
1761389342796276200,11.262276123046876,0.3913080096244812,-0.21640199422836304,-0.045194000005722046
1761389342806285800,11.272285888671876,0.3913080096244812,-0.21640199422836304,-0.045194000005722046
1761389342816265200,11.28226513671875,0.6330649852752686,-0.0949070006608963,0.3223249912261963
1761389342826274800,11.29227490234375,0.6330649852752686,-0.0949070006608963,0.3223249912261963
1761389342836284700,11.30228466796875,0.9979379773139954,0.019158000126481056,0.6684989929199219
1761389342846264000,11.31226416015625,0.9979379773139954,0.019158000126481056,0.6684989929199219
1761389342856273700,11.322273681640626,1.3189020156860352,0.0044280001893639565,0.6921120285987854
1761389342866283500,11.332283447265626,1.3189020156860352,0.0044280001893639565,0.6921120285987854
